1	5
1	25
1	30
1	55
1	57
1	103
1	105
1	112
1	158
1	161
1	163
1	167
1	176
1	186
1	189
1	203
1	204
1	207
1	212
1	240
1	252
1	282
1	307
1	315
1	316
1	326
1	327
1	342
1	385
1	445
1	483
1	546
1	549
1	618
1	631
1	682
1	781
1	786
1	806
1	830
1	846
1	866
1	869
1	876
1	883
1	908
1	920
1	962
1	964
1	966
2	8
2	9
2	11
2	19
2	20
2	50
2	55
2	63
2	65
2	85
2	90
2	100
2	115
2	122
2	140
2	158
2	161
2	163
2	178
2	230
2	261
2	267
2	307
2	309
2	363
2	381
2	410
2	416
2	473
2	475
2	486
2	489
2	506
2	519
2	631
2	646
2	666
2	667
2	671
2	704
2	718
2	739
2	747
2	764
2	801
2	957
2	964
2	984
2	996
3	8
3	9
3	16
3	22
3	59
3	77
3	92
3	96
3	112
3	124
3	155
3	162
3	164
3	186
3	188
3	194
3	196
3	203
3	229
3	235
3	243
3	249
3	257
3	264
3	277
3	293
3	295
3	301
3	309
3	311
3	313
3	338
3	352
3	394
3	400
3	465
3	493
3	530
3	545
3	547
3	638
3	738
3	739
3	852
3	905
3	913
3	962
3	969
3	976
4	14
4	26
4	44
4	46
4	47
4	50
4	60
4	67
4	87
4	95
4	96
4	145
4	146
4	173
4	174
4	201
4	203
4	204
4	213
4	233
4	234
4	250
4	251
4	267
4	282
4	294
4	296
4	329
4	349
4	372
4	390
4	398
4	434
4	513
4	519
4	696
4	717
4	726
4	750
4	765
4	826
4	842
4	860
4	875
4	876
4	888
4	899
4	916
4	967
5	14
5	19
5	31
5	35
5	36
5	38
5	41
5	45
5	54
5	94
5	129
5	132
5	148
5	151
5	168
5	181
5	199
5	211
5	224
5	269
5	277
5	310
5	350
5	363
5	367
5	370
5	376
5	426
5	438
5	452
5	468
5	489
5	502
5	525
5	564
5	615
5	619
5	695
5	772
5	818
5	822
5	829
5	835
5	844
5	874
5	881
5	977
5	989
6	26
6	31
6	49
6	79
6	90
6	112
6	119
6	144
6	164
6	171
6	188
6	196
6	210
6	212
6	214
6	220
6	245
6	253
6	262
6	276
6	279
6	288
6	319
6	350
6	354
6	399
6	443
6	471
6	474
6	494
6	498
6	520
6	573
6	604
6	617
6	641
6	667
6	687
6	698
6	759
6	798
6	828
6	864
6	883
6	906
6	916
6	951
6	978
7	18
7	21
7	30
7	35
7	46
7	51
7	53
7	71
7	91
7	93
7	98
7	113
7	116
7	120
7	165
7	178
7	232
7	234
7	238
7	259
7	273
7	300
7	310
7	330
7	400
7	492
7	495
7	501
7	515
7	520
7	544
7	551
7	570
7	597
7	601
7	634
7	708
7	720
7	725
7	728
7	746
7	754
7	769
7	787
7	825
7	849
7	854
7	994
8	14
8	54
8	59
8	69
8	91
8	108
8	126
8	145
8	169
8	176
8	189
8	191
8	203
8	210
8	222
8	253
8	255
8	261
8	297
8	318
8	319
8	337
8	343
8	362
8	369
8	411
8	428
8	435
8	469
8	493
8	531
8	542
8	634
8	639
8	646
8	785
8	811
8	837
8	864
8	875
8	898
8	941
8	955
8	965
8	983
9	10
9	16
9	22
9	25
9	44
9	56
9	58
9	67
9	78
9	92
9	101
9	102
9	106
9	115
9	117
9	124
9	135
9	142
9	157
9	160
9	164
9	187
9	198
9	221
9	262
9	283
9	350
9	416
9	437
9	486
9	531
9	588
9	590
9	604
9	641
9	672
9	714
9	763
9	780
9	848
9	854
9	859
9	867
9	974
9	995
10	29
10	34
10	75
10	80
10	90
10	93
10	97
10	107
10	108
10	150
10	166
10	180
10	185
10	191
10	192
10	196
10	225
10	277
10	278
10	306
10	313
10	317
10	340
10	368
10	382
10	397
10	483
10	491
10	494
10	496
10	523
10	557
10	599
10	601
10	610
10	648
10	676
10	748
10	755
10	839
10	845
10	859
10	875
10	891
10	897
10	968
11	14
11	24
11	42
11	62
11	64
11	66
11	69
11	70
11	80
11	85
11	96
11	102
11	104
11	105
11	108
11	122
11	126
11	139
11	150
11	151
11	169
11	208
11	211
11	267
11	281
11	294
11	316
11	348
11	384
11	386
11	395
11	560
11	564
11	616
11	623
11	679
11	720
11	765
11	817
11	830
11	831
11	838
11	857
11	886
11	939
12	17
12	22
12	28
12	33
12	34
12	35
12	72
12	83
12	100
12	104
12	110
12	128
12	162
12	171
12	174
12	183
12	194
12	203
12	204
12	213
12	237
12	255
12	297
12	330
12	364
12	370
12	460
12	462
12	509
12	517
12	534
12	568
12	572
12	581
12	591
12	632
12	663
12	706
12	707
12	713
12	739
12	808
12	853
12	955
12	957
12	972
13	21
13	43
13	52
13	55
13	56
13	66
13	72
13	83
13	84
13	85
13	92
13	95
13	101
13	104
13	113
13	123
13	128
13	170
13	192
13	208
13	236
13	247
13	259
13	261
13	266
13	270
13	334
13	351
13	396
13	419
13	450
13	510
13	518
13	531
13	544
13	584
13	628
13	645
13	654
13	669
13	727
13	764
13	876
13	918
13	958
13	986
14	27
14	35
14	39
14	44
14	80
14	169
14	176
14	198
14	199
14	201
14	211
14	255
14	286
14	294
14	330
14	344
14	406
14	411
14	439
14	440
14	487
14	493
14	495
14	513
14	516
14	578
14	593
14	597
14	642
14	699
14	721
14	759
14	814
14	833
14	873
14	881
14	885
14	900
14	923
14	959
14	985
15	31
15	35
15	39
15	43
15	50
15	58
15	71
15	77
15	109
15	126
15	136
15	171
15	178
15	179
15	196
15	204
15	264
15	294
15	315
15	334
15	356
15	362
15	364
15	367
15	377
15	381
15	382
15	393
15	399
15	411
15	468
15	476
15	497
15	544
15	577
15	636
15	687
15	688
15	781
15	793
15	823
15	831
15	835
15	916
15	971
16	21
16	22
16	39
16	43
16	44
16	64
16	109
16	127
16	133
16	156
16	175
16	180
16	184
16	199
16	218
16	221
16	222
16	237
16	254
16	315
16	316
16	336
16	380
16	405
16	439
16	452
16	471
16	495
16	500
16	522
16	561
16	572
16	586
16	590
16	616
16	636
16	656
16	661
16	749
16	761
16	765
16	770
16	881
17	31
17	37
17	58
17	66
17	70
17	73
17	82
17	143
17	150
17	152
17	157
17	176
17	204
17	217
17	221
17	244
17	253
17	254
17	311
17	320
17	329
17	343
17	361
17	362
17	379
17	405
17	424
17	456
17	467
17	502
17	537
17	566
17	595
17	621
17	622
17	625
17	652
17	666
17	683
17	727
17	753
17	895
17	942
18	26
18	53
18	70
18	85
18	98
18	110
18	116
18	156
18	164
18	165
18	177
18	192
18	194
18	200
18	211
18	215
18	250
18	251
18	265
18	301
18	305
18	325
18	372
18	376
18	401
18	440
18	483
18	506
18	538
18	583
18	649
18	656
18	715
18	752
18	799
18	808
18	841
18	874
18	895
18	903
18	953
18	962
18	991
19	47
19	53
19	55
19	72
19	88
19	90
19	92
19	103
19	107
19	115
19	124
19	165
19	179
19	186
19	202
19	235
19	244
19	255
19	276
19	297
19	299
19	320
19	327
19	377
19	430
19	460
19	467
19	511
19	512
19	542
19	558
19	597
19	606
19	612
19	710
19	790
19	840
19	870
19	881
19	906
19	929
19	952
20	26
20	35
20	108
20	110
20	112
20	115
20	118
20	138
20	179
20	185
20	208
20	216
20	241
20	256
20	289
20	302
20	318
20	331
20	339
20	408
20	420
20	443
20	451
20	504
20	579
20	584
20	598
20	599
20	604
20	655
20	692
20	693
20	799
20	802
20	811
20	824
20	830
20	861
20	868
20	928
20	931
20	973
21	25
21	44
21	73
21	102
21	117
21	130
21	165
21	169
21	184
21	193
21	194
21	206
21	227
21	260
21	271
21	376
21	411
21	433
21	443
21	463
21	482
21	484
21	489
21	502
21	513
21	518
21	553
21	701
21	715
21	719
21	722
21	735
21	750
21	788
21	802
21	844
21	874
21	886
21	945
21	974
22	23
22	48
22	55
22	56
22	66
22	83
22	84
22	118
22	119
22	124
22	132
22	135
22	136
22	159
22	185
22	201
22	208
22	275
22	339
22	372
22	388
22	411
22	441
22	512
22	541
22	563
22	641
22	659
22	686
22	743
22	787
22	791
22	807
22	823
22	842
22	847
22	861
22	921
22	970
23	39
23	65
23	72
23	79
23	97
23	129
23	145
23	151
23	155
23	164
23	184
23	214
23	217
23	274
23	288
23	291
23	312
23	349
23	353
23	376
23	403
23	440
23	451
23	457
23	462
23	494
23	503
23	548
23	576
23	591
23	604
23	656
23	714
23	718
23	789
23	855
23	856
23	864
23	890
23	912
23	956
23	989
24	47
24	64
24	66
24	70
24	77
24	84
24	113
24	114
24	177
24	215
24	218
24	234
24	246
24	249
24	258
24	289
24	295
24	296
24	390
24	391
24	395
24	421
24	424
24	446
24	454
24	501
24	560
24	599
24	604
24	609
24	669
24	682
24	740
24	760
24	774
24	790
24	807
24	857
24	911
24	935
24	954
25	27
25	39
25	57
25	59
25	86
25	102
25	124
25	131
25	145
25	157
25	160
25	186
25	187
25	193
25	195
25	197
25	214
25	226
25	237
25	249
25	264
25	277
25	281
25	391
25	452
25	454
25	515
25	561
25	581
25	592
25	642
25	721
25	731
25	753
25	766
25	770
25	850
25	878
25	969
26	33
26	40
26	53
26	60
26	62
26	65
26	68
26	74
26	98
26	143
26	146
26	200
26	219
26	231
26	262
26	292
26	301
26	330
26	357
26	372
26	454
26	482
26	521
26	528
26	548
26	556
26	626
26	633
26	685
26	691
26	725
26	812
26	815
26	858
26	861
26	867
26	914
26	1000
27	33
27	42
27	43
27	48
27	53
27	57
27	58
27	65
27	75
27	95
27	96
27	133
27	137
27	138
27	152
27	153
27	175
27	179
27	187
27	192
27	200
27	263
27	271
27	339
27	380
27	388
27	421
27	440
27	441
27	661
27	706
27	739
27	771
27	773
27	783
27	796
27	864
27	874
27	879
27	882
28	29
28	32
28	42
28	73
28	79
28	90
28	99
28	111
28	128
28	141
28	150
28	151
28	156
28	207
28	218
28	226
28	257
28	278
28	297
28	314
28	319
28	320
28	322
28	368
28	483
28	488
28	614
28	646
28	652
28	702
28	712
28	738
28	756
28	765
28	784
28	842
28	896
28	902
28	907
28	937
28	967
29	52
29	69
29	74
29	77
29	86
29	107
29	125
29	144
29	146
29	159
29	160
29	166
29	225
29	270
29	305
29	310
29	321
29	322
29	340
29	344
29	355
29	374
29	379
29	388
29	393
29	447
29	465
29	467
29	479
29	523
29	532
29	617
29	623
29	679
29	740
29	850
29	954
29	961
29	983
30	46
30	50
30	71
30	92
30	96
30	104
30	130
30	145
30	155
30	165
30	227
30	230
30	237
30	242
30	245
30	267
30	270
30	274
30	281
30	354
30	381
30	422
30	445
30	557
30	579
30	589
30	603
30	633
30	638
30	652
30	663
30	746
30	833
30	880
30	924
30	937
30	938
30	945
30	947
31	39
31	43
31	44
31	45
31	57
31	68
31	71
31	72
31	73
31	86
31	105
31	133
31	152
31	159
31	177
31	182
31	196
31	210
31	237
31	269
31	415
31	425
31	443
31	465
31	478
31	484
31	485
31	626
31	688
31	695
31	730
31	744
31	845
31	934
31	965
31	971
31	981
32	37
32	50
32	59
32	66
32	73
32	75
32	99
32	132
32	189
32	249
32	264
32	281
32	297
32	298
32	334
32	353
32	365
32	371
32	398
32	412
32	421
32	481
32	485
32	517
32	560
32	630
32	635
32	681
32	696
32	712
32	714
32	727
32	730
32	798
32	814
32	879
32	924
32	932
32	937
32	982
33	44
33	62
33	71
33	76
33	77
33	85
33	88
33	103
33	121
33	128
33	142
33	167
33	190
33	231
33	235
33	241
33	242
33	248
33	249
33	258
33	292
33	385
33	390
33	391
33	395
33	400
33	423
33	468
33	494
33	574
33	601
33	680
33	709
33	719
33	732
33	763
33	836
33	982
34	37
34	42
34	49
34	56
34	66
34	76
34	87
34	114
34	123
34	125
34	133
34	139
34	172
34	199
34	205
34	208
34	223
34	228
34	229
34	270
34	273
34	285
34	306
34	357
34	389
34	457
34	462
34	477
34	496
34	506
34	540
34	629
34	657
34	680
34	682
34	760
34	785
34	820
34	846
35	41
35	51
35	66
35	84
35	88
35	100
35	115
35	118
35	154
35	165
35	193
35	196
35	206
35	219
35	221
35	245
35	340
35	392
35	428
35	441
35	482
35	495
35	534
35	582
35	617
35	676
35	681
35	717
35	720
35	722
35	748
35	776
35	787
35	874
35	979
36	37
36	42
36	45
36	74
36	89
36	98
36	104
36	122
36	142
36	161
36	166
36	167
36	187
36	188
36	199
36	201
36	202
36	221
36	269
36	279
36	318
36	326
36	336
36	363
36	415
36	416
36	456
36	492
36	528
36	588
36	609
36	611
36	632
36	759
36	817
36	824
36	881
36	885
36	913
36	970
37	46
37	61
37	80
37	98
37	111
37	113
37	129
37	150
37	160
37	181
37	196
37	221
37	223
37	259
37	296
37	305
37	314
37	326
37	327
37	329
37	331
37	333
37	371
37	392
37	413
37	417
37	420
37	516
37	530
37	535
37	610
37	708
37	871
37	967
37	982
37	992
37	995
38	39
38	44
38	72
38	74
38	77
38	91
38	99
38	134
38	135
38	160
38	204
38	206
38	219
38	240
38	246
38	265
38	266
38	304
38	308
38	318
38	332
38	337
38	390
38	469
38	489
38	497
38	543
38	561
38	579
38	611
38	626
38	717
38	729
38	791
38	815
38	912
38	959
38	972
38	974
39	43
39	55
39	57
39	96
39	97
39	114
39	118
39	121
39	123
39	126
39	133
39	144
39	152
39	165
39	177
39	182
39	183
39	207
39	208
39	244
39	265
39	322
39	333
39	402
39	434
39	441
39	494
39	545
39	596
39	642
39	649
39	661
39	665
40	44
40	50
40	64
40	75
40	107
40	127
40	135
40	136
40	143
40	159
40	164
40	176
40	190
40	240
40	279
40	285
40	304
40	387
40	400
40	409
40	422
40	428
40	452
40	469
40	577
40	615
40	667
40	728
40	739
40	741
40	752
40	755
40	784
40	805
40	820
40	880
40	914
40	980
40	987
41	71
41	73
41	105
41	123
41	126
41	148
41	157
41	179
41	186
41	196
41	197
41	215
41	243
41	274
41	280
41	349
41	374
41	405
41	447
41	459
41	468
41	476
41	509
41	512
41	527
41	541
41	580
41	657
41	684
41	687
41	713
41	718
41	767
41	781
41	858
41	921
41	942
41	948
42	50
42	59
42	87
42	88
42	94
42	104
42	105
42	114
42	207
42	218
42	225
42	233
42	256
42	300
42	337
42	375
42	393
42	411
42	414
42	453
42	485
42	578
42	608
42	609
42	618
42	665
42	668
42	702
42	709
42	731
42	784
42	809
42	811
42	896
42	898
43	44
43	46
43	68
43	91
43	102
43	109
43	123
43	148
43	151
43	153
43	243
43	279
43	284
43	291
43	298
43	322
43	325
43	348
43	359
43	431
43	476
43	478
43	484
43	554
43	576
43	613
43	623
43	658
43	666
43	673
43	718
43	775
43	884
43	981
44	62
44	159
44	173
44	185
44	242
44	245
44	270
44	379
44	408
44	410
44	465
44	467
44	513
44	517
44	532
44	561
44	585
44	593
44	611
44	671
44	674
44	792
44	797
44	804
44	829
44	880
44	945
44	948
44	991
45	65
45	79
45	110
45	131
45	148
45	150
45	167
45	175
45	199
45	229
45	242
45	262
45	268
45	272
45	299
45	363
45	412
45	497
45	499
45	502
45	507
45	519
45	533
45	535
45	575
45	642
45	644
45	677
45	711
45	769
45	804
45	813
45	829
45	927
45	977
45	993
46	53
46	68
46	86
46	94
46	110
46	128
46	151
46	206
46	214
46	222
46	225
46	250
46	268
46	280
46	301
46	355
46	358
46	392
46	413
46	415
46	448
46	482
46	484
46	493
46	495
46	497
46	541
46	554
46	567
46	634
46	715
46	865
46	903
46	998
47	50
47	64
47	99
47	134
47	169
47	181
47	232
47	247
47	267
47	276
47	278
47	280
47	290
47	392
47	401
47	431
47	439
47	474
47	488
47	512
47	602
47	606
47	612
47	634
47	686
47	721
47	731
47	739
47	789
47	790
47	882
47	923
47	930
47	931
47	975
47	983
48	57
48	64
48	81
48	84
48	88
48	110
48	118
48	135
48	138
48	144
48	161
48	185
48	198
48	264
48	276
48	282
48	420
48	423
48	427
48	465
48	515
48	533
48	546
48	579
48	590
48	591
48	628
48	690
48	756
48	798
48	823
48	866
48	880
48	893
48	928
48	958
49	52
49	54
49	60
49	82
49	84
49	153
49	171
49	227
49	242
49	244
49	273
49	309
49	323
49	331
49	367
49	372
49	388
49	402
49	479
49	512
49	532
49	540
49	541
49	590
49	596
49	607
49	660
49	679
49	708
49	742
49	748
49	786
49	807
49	817
49	845
49	869
50	54
50	67
50	140
50	146
50	149
50	154
50	163
50	188
50	196
50	237
50	262
50	282
50	354
50	394
50	417
50	422
50	434
50	506
50	570
50	587
50	648
50	677
50	735
50	790
50	832
50	835
50	972
50	990
50	993
50	996
51	53
51	62
51	98
51	115
51	116
51	151
51	153
51	211
51	216
51	226
51	238
51	241
51	251
51	254
51	268
51	271
51	330
51	461
51	468
51	473
51	492
51	495
51	503
51	569
51	572
51	661
51	712
51	732
51	803
51	821
51	824
51	834
51	906
51	907
51	939
51	954
52	57
52	75
52	87
52	89
52	96
52	104
52	106
52	134
52	136
52	138
52	150
52	166
52	190
52	208
52	212
52	220
52	284
52	316
52	436
52	522
52	527
52	532
52	535
52	555
52	582
52	597
52	613
52	676
52	700
52	724
52	734
52	828
52	896
52	917
52	943
53	64
53	94
53	123
53	135
53	141
53	151
53	152
53	156
53	171
53	183
53	215
53	238
53	239
53	308
53	330
53	351
53	373
53	398
53	425
53	562
53	581
53	583
53	637
53	702
53	717
53	776
53	779
53	827
53	836
53	895
53	988
54	55
54	67
54	83
54	97
54	109
54	118
54	126
54	148
54	157
54	164
54	188
54	221
54	269
54	283
54	289
54	300
54	310
54	323
54	329
54	348
54	363
54	371
54	375
54	379
54	391
54	446
54	480
54	530
54	549
54	704
54	915
54	928
54	970
54	995
55	64
55	67
55	73
55	85
55	100
55	111
55	140
55	145
55	146
55	151
55	158
55	165
55	173
55	189
55	237
55	257
55	265
55	349
55	387
55	523
55	563
55	639
55	653
55	795
55	801
55	837
55	839
55	888
55	903
55	987
56	66
56	98
56	103
56	104
56	125
56	186
56	223
56	238
56	253
56	263
56	296
56	307
56	338
56	352
56	362
56	369
56	396
56	428
56	447
56	458
56	558
56	560
56	620
56	650
56	666
56	753
56	789
56	809
56	841
56	893
56	927
56	936
56	940
57	65
57	90
57	94
57	102
57	117
57	153
57	165
57	228
57	241
57	254
57	275
57	315
57	378
57	382
57	390
57	414
57	444
57	495
57	514
57	570
57	583
57	658
57	660
57	693
57	739
57	761
57	849
57	863
57	952
57	998
58	60
58	74
58	147
58	149
58	167
58	193
58	241
58	261
58	295
58	331
58	374
58	376
58	383
58	388
58	401
58	445
58	470
58	498
58	526
58	610
58	622
58	642
58	691
58	767
58	778
58	779
58	859
58	878
58	882
58	888
58	915
58	961
58	986
59	63
59	81
59	87
59	88
59	117
59	153
59	190
59	212
59	218
59	239
59	276
59	289
59	304
59	336
59	365
59	443
59	499
59	528
59	608
59	610
59	614
59	764
59	771
59	782
59	823
59	840
59	883
59	894
59	925
59	949
59	957
60	62
60	74
60	76
60	90
60	97
60	103
60	115
60	130
60	143
60	156
60	174
60	176
60	188
60	197
60	350
60	375
60	394
60	454
60	460
60	487
60	548
60	556
60	617
60	633
60	735
60	741
60	772
60	819
60	852
60	872
60	932
60	991
61	74
61	78
61	91
61	98
61	122
61	167
61	181
61	186
61	224
61	239
61	241
61	242
61	247
61	250
61	289
61	290
61	314
61	335
61	369
61	429
61	508
61	529
61	533
61	557
61	603
61	723
61	725
61	726
61	732
61	754
61	764
61	817
61	891
61	909
61	958
62	65
62	70
62	98
62	128
62	131
62	134
62	151
62	202
62	233
62	248
62	253
62	279
62	285
62	318
62	390
62	441
62	501
62	509
62	521
62	528
62	602
62	604
62	612
62	643
62	648
62	682
62	722
62	797
62	866
62	877
63	66
63	72
63	74
63	81
63	83
63	86
63	108
63	130
63	162
63	205
63	245
63	253
63	319
63	336
63	356
63	381
63	395
63	405
63	422
63	457
63	464
63	521
63	539
63	550
63	560
63	590
63	602
63	604
63	672
63	685
63	727
63	781
63	802
63	857
64	69
64	70
64	83
64	89
64	106
64	110
64	157
64	287
64	302
64	311
64	318
64	323
64	359
64	420
64	462
64	463
64	514
64	527
64	541
64	568
64	703
64	707
64	712
64	741
64	788
64	827
64	980
64	994
65	71
65	140
65	177
65	183
65	194
65	195
65	280
65	291
65	315
65	334
65	343
65	350
65	355
65	418
65	428
65	430
65	452
65	549
65	557
65	599
65	622
65	623
65	660
65	664
65	767
65	930
65	944
65	965
65	981
66	97
66	118
66	125
66	160
66	166
66	211
66	225
66	247
66	249
66	327
66	336
66	390
66	394
66	396
66	407
66	413
66	546
66	583
66	584
66	592
66	635
66	665
66	720
66	768
66	870
66	949
67	69
67	85
67	133
67	134
67	145
67	148
67	153
67	155
67	189
67	226
67	229
67	230
67	239
67	243
67	248
67	275
67	315
67	336
67	397
67	400
67	461
67	565
67	571
67	608
67	643
67	674
67	697
67	782
67	938
67	977
68	69
68	72
68	92
68	98
68	100
68	101
68	107
68	108
68	121
68	123
68	162
68	180
68	185
68	219
68	283
68	326
68	359
68	364
68	372
68	418
68	450
68	515
68	552
68	616
68	634
68	669
68	698
68	785
68	808
68	850
68	953
69	75
69	88
69	93
69	108
69	120
69	139
69	146
69	177
69	182
69	186
69	240
69	244
69	255
69	264
69	317
69	343
69	370
69	386
69	387
69	409
69	449
69	522
69	594
69	639
69	663
69	846
69	873
69	920
69	965
70	78
70	89
70	136
70	138
70	184
70	188
70	203
70	223
70	236
70	286
70	297
70	346
70	444
70	480
70	501
70	521
70	522
70	566
70	588
70	598
70	599
70	635
70	664
70	699
70	818
70	900
70	987
70	993
70	994
71	73
71	126
71	133
71	140
71	164
71	173
71	175
71	177
71	196
71	212
71	301
71	315
71	316
71	365
71	366
71	389
71	454
71	464
71	500
71	536
71	538
71	566
71	611
71	667
71	749
71	783
71	965
71	972
72	92
72	104
72	113
72	142
72	162
72	172
72	200
72	206
72	271
72	278
72	313
72	316
72	324
72	347
72	378
72	380
72	392
72	484
72	500
72	531
72	625
72	627
72	628
72	713
72	725
72	819
72	992
73	102
73	105
73	113
73	120
73	139
73	197
73	202
73	209
73	283
73	358
73	421
73	426
73	449
73	482
73	594
73	669
73	723
73	754
73	773
73	795
73	814
73	857
73	867
73	900
73	907
73	935
73	941
74	96
74	117
74	143
74	145
74	147
74	194
74	208
74	216
74	223
74	287
74	292
74	333
74	335
74	373
74	409
74	428
74	631
74	644
74	685
74	688
74	728
74	819
74	858
74	890
74	936
74	950
74	1000
75	96
75	99
75	164
75	182
75	212
75	221
75	238
75	256
75	261
75	305
75	312
75	371
75	378
75	391
75	418
75	456
75	490
75	520
75	613
75	626
75	706
75	708
75	737
75	770
75	780
75	783
75	795
75	829
75	851
76	78
76	86
76	87
76	132
76	136
76	138
76	140
76	149
76	197
76	207
76	243
76	244
76	291
76	413
76	459
76	496
76	542
76	607
76	609
76	613
76	639
76	697
76	707
76	708
76	710
76	802
76	807
76	860
76	868
76	909
76	922
76	927
77	82
77	92
77	105
77	110
77	121
77	125
77	132
77	188
77	192
77	214
77	219
77	279
77	304
77	307
77	321
77	326
77	332
77	373
77	374
77	405
77	445
77	528
77	547
77	666
77	691
77	810
77	925
77	966
78	101
78	110
78	132
78	137
78	157
78	214
78	239
78	241
78	244
78	256
78	273
78	291
78	316
78	325
78	375
78	377
78	381
78	384
78	422
78	427
78	437
78	470
78	481
78	511
78	589
78	627
78	795
78	932
78	969
78	993
79	91
79	96
79	137
79	144
79	155
79	180
79	191
79	209
79	215
79	217
79	236
79	241
79	253
79	258
79	280
79	342
79	394
79	421
79	435
79	436
79	510
79	536
79	562
79	621
79	675
79	767
79	772
79	792
79	873
79	927
80	87
80	169
80	191
80	192
80	211
80	300
80	307
80	310
80	326
80	335
80	348
80	395
80	419
80	432
80	438
80	477
80	484
80	538
80	547
80	581
80	608
80	635
80	671
80	700
80	736
80	773
80	892
80	940
80	941
80	951
81	84
81	87
81	89
81	110
81	131
81	138
81	152
81	185
81	230
81	231
81	264
81	269
81	296
81	331
81	339
81	359
81	362
81	407
81	408
81	422
81	448
81	458
81	547
81	556
81	559
81	567
81	588
81	612
81	689
81	743
81	931
82	113
82	129
82	161
82	186
82	224
82	258
82	260
82	289
82	304
82	306
82	338
82	360
82	467
82	476
82	479
82	516
82	519
82	545
82	554
82	560
82	614
82	655
82	658
82	662
82	670
82	702
82	791
82	801
82	809
82	949
82	955
83	112
83	156
83	160
83	180
83	226
83	287
83	311
83	324
83	329
83	342
83	359
83	404
83	420
83	427
83	435
83	439
83	599
83	607
83	612
83	647
83	697
83	842
83	847
83	868
83	886
83	892
83	934
83	979
84	89
84	91
84	93
84	107
84	127
84	184
84	201
84	210
84	232
84	246
84	323
84	324
84	337
84	359
84	360
84	416
84	420
84	441
84	453
84	472
84	499
84	575
84	614
84	791
84	808
84	847
84	895
85	102
85	149
85	198
85	213
85	232
85	345
85	353
85	377
85	384
85	414
85	430
85	433
85	468
85	475
85	488
85	527
85	606
85	674
85	709
85	746
85	803
85	817
85	906
85	917
85	919
85	976
85	997
86	128
86	153
86	181
86	184
86	186
86	223
86	259
86	275
86	282
86	289
86	310
86	314
86	348
86	385
86	409
86	453
86	479
86	586
86	665
86	666
86	706
86	782
86	813
86	894
86	929
86	976
86	998
87	99
87	107
87	120
87	125
87	135
87	167
87	181
87	257
87	301
87	303
87	366
87	421
87	441
87	453
87	510
87	511
87	618
87	635
87	674
87	719
87	751
87	777
87	784
87	861
87	918
88	117
88	121
88	143
88	155
88	201
88	218
88	260
88	263
88	325
88	337
88	375
88	377
88	414
88	447
88	457
88	517
88	585
88	602
88	626
88	701
88	776
88	788
88	918
88	930
88	974
88	988
89	100
89	106
89	135
89	169
89	201
89	208
89	231
89	256
89	258
89	282
89	309
89	311
89	318
89	324
89	331
89	385
89	388
89	401
89	409
89	547
89	598
89	640
89	703
89	707
89	853
89	910
89	934
90	104
90	113
90	130
90	149
90	153
90	220
90	309
90	318
90	342
90	415
90	470
90	525
90	529
90	536
90	544
90	587
90	592
90	634
90	656
90	693
90	734
90	793
90	794
90	804
90	840
90	997
91	92
91	111
91	112
91	123
91	148
91	187
91	210
91	215
91	231
91	259
91	269
91	294
91	344
91	375
91	392
91	403
91	437
91	532
91	627
91	709
91	764
91	830
91	851
91	857
91	951
91	978
92	100
92	104
92	112
92	124
92	170
92	172
92	201
92	230
92	270
92	317
92	322
92	329
92	347
92	363
92	380
92	401
92	431
92	477
92	480
92	482
92	719
92	762
92	899
92	946
93	106
93	136
93	161
93	166
93	187
93	236
93	247
93	267
93	275
93	339
93	346
93	357
93	399
93	411
93	431
93	467
93	472
93	507
93	523
93	555
93	718
93	724
93	804
93	836
93	889
93	912
93	950
93	990
93	996
94	103
94	145
94	157
94	161
94	165
94	193
94	206
94	215
94	225
94	248
94	251
94	266
94	289
94	290
94	325
94	327
94	340
94	345
94	460
94	482
94	503
94	540
94	567
94	703
94	722
94	859
94	867
94	903
95	129
95	142
95	147
95	161
95	172
95	215
95	219
95	229
95	239
95	246
95	262
95	273
95	277
95	329
95	399
95	427
95	475
95	481
95	482
95	498
95	503
95	533
95	575
95	593
95	594
95	642
95	738
95	812
95	962
95	990
96	106
96	146
96	174
96	181
96	231
96	247
96	296
96	339
96	366
96	398
96	464
96	486
96	534
96	542
96	558
96	763
96	788
96	815
96	881
96	908
96	939
96	961
96	987
97	119
97	132
97	205
97	214
97	236
97	259
97	285
97	321
97	406
97	451
97	478
97	520
97	578
97	624
97	635
97	652
97	662
97	667
97	683
97	734
97	761
97	794
97	851
97	863
97	941
97	957
97	959
98	151
98	178
98	217
98	268
98	306
98	367
98	417
98	426
98	442
98	446
98	478
98	485
98	529
98	544
98	585
98	588
98	661
98	702
98	715
98	787
98	829
98	970
99	107
99	119
99	153
99	173
99	180
99	206
99	238
99	284
99	353
99	366
99	389
99	429
99	527
99	552
99	574
99	575
99	576
99	608
99	614
99	673
99	761
99	766
99	837
99	863
99	907
99	953
100	113
100	128
100	149
100	154
100	155
100	158
100	162
100	211
100	213
100	219
100	351
100	389
100	400
100	444
100	524
100	605
100	643
100	697
100	749
100	770
100	779
100	824
100	882
100	920
100	972
101	104
101	124
101	130
101	133
101	150
101	154
101	196
101	201
101	202
101	230
101	233
101	237
101	280
101	347
101	351
101	383
101	492
101	501
101	620
101	630
101	632
101	643
101	645
101	680
101	736
101	795
101	821
101	832
102	132
102	136
102	197
102	259
102	269
102	296
102	309
102	335
102	340
102	344
102	370
102	384
102	403
102	438
102	440
102	471
102	518
102	537
102	585
102	644
102	723
102	742
102	803
102	887
103	116
103	139
103	171
103	200
103	205
103	219
103	220
103	232
103	248
103	311
103	354
103	359
103	409
103	436
103	440
103	457
103	575
103	600
103	654
103	740
103	782
103	812
103	866
103	872
103	890
103	938
104	123
104	127
104	128
104	147
104	169
104	170
104	171
104	183
104	221
104	265
104	292
104	359
104	364
104	368
104	456
104	527
104	535
104	618
104	632
104	841
105	120
105	139
105	144
105	148
105	156
105	197
105	202
105	216
105	303
105	315
105	341
105	397
105	429
105	432
105	438
105	442
105	464
105	497
105	518
105	617
105	618
105	830
105	960
105	975
105	997
106	109
106	136
106	172
106	187
106	192
106	194
106	225
106	233
106	325
106	340
106	344
106	355
106	373
106	386
106	419
106	475
106	496
106	558
106	678
106	695
106	700
106	729
106	826
106	893
106	943
106	955
107	119
107	153
107	158
107	194
107	200
107	204
107	292
107	320
107	344
107	352
107	357
107	374
107	382
107	404
107	434
107	465
107	466
107	528
107	634
107	657
107	760
107	828
107	994
108	125
108	136
108	141
108	197
108	257
108	303
108	341
108	369
108	381
108	423
108	554
108	611
108	619
108	729
108	782
108	810
108	814
108	829
108	838
108	852
108	883
108	956
108	957
108	959
109	152
109	153
109	166
109	200
109	212
109	229
109	247
109	259
109	287
109	348
109	352
109	362
109	377
109	378
109	393
109	416
109	452
109	508
109	513
109	532
109	545
109	574
109	586
109	636
109	837
109	935
110	112
110	123
110	127
110	130
110	138
110	139
110	142
110	162
110	170
110	229
110	258
110	271
110	334
110	398
110	491
110	627
110	663
110	713
110	808
110	903
110	991
111	140
111	167
111	188
111	246
111	249
111	275
111	290
111	292
111	307
111	327
111	328
111	422
111	456
111	481
111	519
111	543
111	606
111	638
111	653
111	689
111	737
111	740
111	747
111	753
111	964
111	992
111	994
112	135
112	169
112	178
112	189
112	191
112	209
112	210
112	279
112	284
112	378
112	442
112	488
112	539
112	583
112	617
112	659
112	700
112	743
112	770
112	833
112	837
112	851
112	980
113	122
113	152
113	172
113	183
113	200
113	229
113	241
113	251
113	325
113	342
113	479
113	511
113	521
113	538
113	600
113	630
113	663
113	787
113	792
113	820
113	936
113	955
114	145
114	152
114	156
114	162
114	205
114	206
114	228
114	231
114	258
114	306
114	314
114	327
114	339
114	444
114	452
114	476
114	491
114	499
114	511
114	518
114	528
114	530
114	599
114	746
114	772
114	829
114	848
115	122
115	134
115	142
115	146
115	156
115	184
115	238
115	262
115	308
115	325
115	328
115	368
115	419
115	424
115	461
115	471
115	477
115	489
115	503
115	669
115	833
115	849
115	904
115	972
116	123
116	136
116	158
116	167
116	172
116	193
116	197
116	216
116	308
116	326
116	345
116	412
116	414
116	433
116	460
116	489
116	500
116	519
116	564
116	572
116	638
116	665
116	672
116	748
116	789
116	836
116	904
117	141
117	156
117	218
117	223
117	244
117	247
117	276
117	284
117	298
117	320
117	327
117	366
117	472
117	537
117	563
117	582
117	591
117	626
117	689
117	739
117	901
117	930
117	947
117	982
117	989
118	135
118	185
118	197
118	201
118	272
118	287
118	288
118	301
118	302
118	307
118	408
118	430
118	431
118	448
118	469
118	490
118	570
118	623
118	651
118	690
118	703
118	919
118	968
118	991
119	130
119	161
119	214
119	236
119	252
119	274
119	290
119	333
119	353
119	373
119	394
119	423
119	436
119	451
119	469
119	490
119	533
119	546
119	608
119	624
119	703
119	724
119	808
119	826
119	880
120	141
120	176
120	209
120	284
120	303
120	387
120	419
120	420
120	427
120	453
120	477
120	490
120	508
120	518
120	532
120	582
120	601
120	610
120	695
120	805
120	827
120	838
120	867
120	873
120	904
121	126
121	143
121	235
121	238
121	248
121	286
121	304
121	328
121	345
121	353
121	383
121	410
121	423
121	441
121	466
121	469
121	519
121	549
121	551
121	611
121	715
121	717
121	726
121	789
121	949
122	139
122	161
122	174
122	231
122	234
122	255
122	293
122	349
122	382
122	422
122	447
122	473
122	503
122	539
122	572
122	573
122	643
122	667
122	668
122	677
122	750
122	873
122	883
122	916
123	128
123	154
123	172
123	230
123	302
123	310
123	315
123	331
123	361
123	378
123	431
123	491
123	508
123	514
123	571
123	608
123	632
123	834
123	931
124	148
124	149
124	178
124	179
124	187
124	198
124	200
124	247
124	299
124	309
124	356
124	385
124	401
124	458
124	476
124	484
124	587
124	591
124	736
124	833
124	878
124	910
124	959
125	129
125	137
125	169
125	206
125	219
125	233
125	236
125	246
125	260
125	270
125	298
125	302
125	340
125	554
125	566
125	621
125	622
125	626
125	629
125	745
125	774
125	816
125	829
126	133
126	162
126	177
126	179
126	214
126	226
126	230
126	376
126	529
126	546
126	594
126	636
126	658
126	660
126	677
126	716
126	718
126	746
126	793
126	813
126	924
126	996
127	154
127	172
127	213
127	234
127	306
127	342
127	347
127	350
127	351
127	370
127	404
127	425
127	566
127	568
127	579
127	624
127	646
127	681
127	694
127	715
127	760
127	786
127	797
127	831
127	875
128	130
128	154
128	158
128	162
128	170
128	225
128	229
128	244
128	351
128	523
128	623
128	628
128	632
128	669
128	685
128	710
128	741
128	785
128	921
128	931
129	143
129	147
129	148
129	169
129	196
129	250
129	272
129	280
129	314
129	334
129	335
129	360
129	363
129	386
129	412
129	527
129	668
129	705
129	769
129	791
129	878
129	902
129	913
129	985
130	144
130	169
130	270
130	271
130	347
130	389
130	487
130	491
130	509
130	513
130	531
130	544
130	557
130	605
130	704
130	707
130	837
130	875
130	889
130	926
131	137
131	139
131	143
131	171
131	188
131	201
131	204
131	207
131	208
131	229
131	279
131	292
131	328
131	329
131	342
131	383
131	420
131	498
131	531
131	542
131	550
131	570
131	666
131	890
131	988
132	140
132	159
132	182
132	188
132	219
132	244
132	246
132	265
132	271
132	291
132	305
132	404
132	490
132	548
132	640
132	672
132	754
132	843
132	956
132	961
132	992
133	138
133	142
133	148
133	149
133	175
133	190
133	224
133	254
133	282
133	335
133	377
133	443
133	491
133	557
133	570
133	636
133	687
133	775
133	921
133	922
134	142
134	161
134	163
134	180
134	215
134	231
134	240
134	354
134	358
134	380
134	389
134	423
134	514
134	519
134	635
134	671
134	678
134	750
134	795
134	796
134	933
134	942
134	963
135	203
135	208
135	212
135	330
135	398
135	408
135	487
135	550
135	564
135	659
135	749
135	766
135	769
135	842
135	861
135	871
135	879
135	946
135	962
136	164
136	166
136	191
136	228
136	280
136	283
136	443
136	470
136	496
136	507
136	561
136	564
136	620
136	634
136	638
136	755
136	845
136	966
137	144
137	228
137	253
137	270
137	278
137	283
137	367
137	454
137	495
137	497
137	511
137	549
137	565
137	592
137	647
137	649
137	650
137	684
137	691
137	727
137	778
137	806
137	984
138	157
138	208
138	223
138	316
138	392
138	447
138	452
138	460
138	473
138	550
138	580
138	583
138	619
138	640
138	659
138	715
138	861
138	872
138	894
139	142
139	184
139	205
139	210
139	222
139	240
139	255
139	272
139	312
139	370
139	472
139	525
139	541
139	559
139	678
139	717
139	800
139	805
139	866
140	142
140	158
140	178
140	203
140	224
140	252
140	335
140	374
140	434
140	539
140	543
140	563
140	573
140	603
140	613
140	637
140	819
140	831
140	957
140	979
141	205
141	220
141	233
141	257
141	297
141	320
141	341
141	343
141	366
141	376
141	386
141	410
141	429
141	468
141	487
141	488
141	511
141	521
141	523
141	526
141	641
141	701
141	919
142	149
142	187
142	195
142	221
142	241
142	312
142	319
142	387
142	436
142	451
142	458
142	499
142	600
142	642
142	738
142	747
142	980
143	148
143	206
143	242
143	293
143	354
143	386
143	408
143	431
143	432
143	442
143	501
143	580
143	629
143	663
143	707
143	773
143	843
143	855
143	948
144	172
144	175
144	261
144	272
144	295
144	349
144	361
144	409
144	484
144	503
144	537
144	562
144	576
144	591
144	592
144	731
144	744
144	835
144	883
144	989
145	149
145	161
145	167
145	169
145	178
145	204
145	206
145	239
145	245
145	328
145	346
145	378
145	406
145	468
145	687
145	841
145	854
145	940
146	193
146	211
146	228
146	262
146	276
146	328
146	389
146	427
146	454
146	455
146	539
146	637
146	789
146	801
146	811
146	826
146	841
146	882
146	910
146	943
147	168
147	179
147	191
147	221
147	224
147	227
147	235
147	241
147	259
147	294
147	310
147	398
147	412
147	480
147	620
147	661
147	702
147	873
147	940
147	945
147	974
147	975
147	999
148	167
148	256
148	277
148	310
148	348
148	382
148	415
148	417
148	450
148	539
148	578
148	711
148	714
148	847
148	851
148	856
149	162
149	189
149	210
149	276
149	306
149	446
149	465
149	523
149	547
149	566
149	586
149	610
149	643
149	726
149	730
149	820
149	880
149	933
150	171
150	177
150	192
150	235
150	330
150	354
150	355
150	419
150	485
150	507
150	561
150	600
150	613
150	690
150	709
150	740
150	771
150	812
150	863
150	893
151	159
151	175
151	187
151	273
151	348
151	367
151	508
151	530
151	549
151	554
151	619
151	637
151	754
151	854
151	870
151	928
152	163
152	175
152	177
152	179
152	211
152	243
152	254
152	369
152	443
152	481
152	501
152	553
152	688
152	742
152	779
152	803
152	839
152	970
153	174
153	179
153	252
153	282
153	335
153	403
153	407
153	416
153	553
153	580
153	765
153	880
153	881
153	907
153	992
154	170
154	274
154	285
154	287
154	350
154	370
154	407
154	439
154	456
154	469
154	473
154	496
154	497
154	516
154	520
154	568
154	654
154	692
154	859
154	914
155	162
155	195
155	222
155	262
155	277
155	373
155	387
155	402
155	435
155	442
155	446
155	554
155	559
155	649
155	720
155	768
155	813
155	898
155	926
155	971
156	158
156	206
156	256
156	259
156	301
156	319
156	330
156	345
156	377
156	563
156	606
156	622
156	721
156	799
156	835
156	844
156	961
157	217
157	227
157	255
157	283
157	303
157	326
157	373
157	400
157	408
157	500
157	692
157	730
157	779
157	825
157	850
157	851
157	874
157	888
158	172
158	231
158	252
158	286
158	310
158	378
158	386
158	404
158	443
158	453
158	535
158	567
158	571
158	592
158	643
158	698
158	828
158	920
159	199
159	209
159	266
159	304
159	315
159	334
159	336
159	390
159	423
159	431
159	442
159	556
159	593
159	611
159	613
159	668
159	706
159	804
159	843
159	891
160	181
160	199
160	234
160	283
160	309
160	323
160	331
160	362
160	382
160	547
160	550
160	569
160	584
160	586
160	600
160	710
160	734
160	825
160	852
160	902
161	193
161	286
161	325
161	404
161	422
161	466
161	467
161	506
161	570
161	573
161	603
161	705
161	768
161	777
161	934
162	163
162	207
162	231
162	270
162	364
162	370
162	401
162	431
162	544
162	589
162	653
162	773
162	807
162	837
162	912
163	179
163	204
163	216
163	223
163	257
163	282
163	300
163	383
163	443
163	446
163	465
163	524
163	526
163	534
163	539
163	660
163	778
163	903
163	962
163	998
164	165
164	208
164	251
164	299
164	333
164	355
164	436
164	449
164	483
164	500
164	526
164	591
164	611
164	687
164	752
164	893
165	172
165	206
165	211
165	238
165	250
165	251
165	308
165	335
165	393
165	437
165	663
165	675
165	686
165	822
165	869
166	183
166	247
166	299
166	304
166	419
166	433
166	437
166	468
166	496
166	561
166	648
166	681
166	724
166	767
166	871
166	888
166	949
166	988
167	168
167	178
167	185
167	250
167	259
167	291
167	307
167	335
167	555
167	615
167	806
167	813
167	826
167	827
167	950
168	200
168	206
168	250
168	251
168	314
168	326
168	327
168	360
168	364
168	371
168	402
168	417
168	429
168	468
168	614
168	619
168	646
168	673
168	713
168	777
168	806
168	846
168	967
169	197
169	240
169	295
169	335
169	455
169	463
169	487
169	489
169	493
169	583
169	597
169	633
169	690
170	173
170	180
170	188
170	205
170	263
170	317
170	397
170	447
170	471
170	480
170	509
170	515
170	550
170	598
170	605
170	638
170	669
170	914
170	981
170	1000
171	190
171	199
171	202
171	209
171	224
171	244
171	271
171	445
171	548
171	591
171	705
171	768
171	772
171	776
171	889
171	901
171	997
172	185
172	284
172	318
172	342
172	438
172	450
172	501
172	503
172	506
172	605
172	614
172	646
172	821
172	946
173	213
173	242
173	270
173	292
173	413
173	435
173	479
173	491
173	504
173	544
173	562
173	618
173	625
173	630
173	697
173	710
173	713
173	847
173	898
173	983
174	195
174	199
174	234
174	265
174	275
174	296
174	298
174	327
174	400
174	427
174	472
174	544
174	603
174	639
174	656
174	664
174	692
174	698
174	801
174	891
175	264
175	330
175	345
175	347
175	365
175	383
175	443
175	451
175	478
175	500
175	518
175	524
175	565
175	631
175	651
175	695
175	791
175	849
176	196
176	218
176	242
176	243
176	249
176	272
176	279
176	338
176	370
176	383
176	394
176	492
176	618
176	628
176	704
176	728
176	753
176	758
176	872
177	210
177	220
177	297
177	333
177	371
177	478
177	513
177	531
177	594
177	598
177	643
177	752
177	771
177	808
177	837
177	926
178	205
178	248
178	269
178	286
178	292
178	341
178	362
178	366
178	487
178	493
178	617
178	662
178	672
178	815
178	821
178	871
178	969
179	189
179	212
179	220
179	239
179	317
179	320
179	331
179	430
179	452
179	482
179	538
179	545
179	577
179	651
179	695
180	253
180	254
180	288
180	312
180	332
180	349
180	361
180	365
180	394
180	432
180	438
180	471
180	520
180	625
180	675
180	796
180	853
180	984
181	199
181	212
181	228
181	259
181	283
181	287
181	354
181	466
181	468
181	474
181	516
181	529
181	553
181	585
181	622
181	647
181	711
181	761
182	239
182	240
182	305
182	316
182	326
182	390
182	504
182	505
182	510
182	514
182	548
182	569
182	654
182	677
182	699
182	795
182	796
182	869
182	879
182	913
182	925
183	184
183	213
183	261
183	306
183	317
183	332
183	370
183	377
183	379
183	412
183	509
183	574
183	600
183	713
183	785
183	834
183	870
183	906
184	216
184	242
184	292
184	334
184	409
184	489
184	508
184	551
184	637
184	758
184	768
184	901
184	936
184	938
184	948
184	967
185	238
185	353
185	369
185	407
185	427
185	429
185	572
185	590
185	822
185	847
185	868
185	871
185	877
185	880
185	980
186	195
186	264
186	319
186	324
186	333
186	442
186	539
186	564
186	622
186	664
186	672
186	714
186	721
186	726
186	908
187	204
187	229
187	258
187	309
187	325
187	342
187	346
187	352
187	355
187	461
187	519
187	572
187	844
187	889
187	896
188	207
188	242
188	345
188	502
188	513
188	574
188	587
188	626
188	696
188	728
188	729
188	741
188	759
189	222
189	261
189	275
189	291
189	330
189	365
189	377
189	455
189	510
189	512
189	542
189	602
189	671
189	755
189	860
189	906
189	953
190	202
190	233
190	243
190	249
190	252
190	256
190	266
190	304
190	313
190	383
190	462
190	464
190	473
190	530
190	565
190	573
190	745
190	847
190	938
191	199
191	248
191	338
191	365
191	368
191	395
191	411
191	423
191	438
191	463
191	493
191	529
191	540
191	616
191	780
191	873
191	939
191	959
192	296
192	332
192	355
192	465
192	466
192	482
192	569
192	592
192	597
192	700
192	737
192	762
192	803
192	821
192	884
192	917
192	968
193	246
193	251
193	337
193	347
193	425
193	433
193	438
193	490
193	496
193	569
193	581
193	680
193	788
193	951
193	960
193	986
193	994
194	233
194	251
194	264
194	293
194	315
194	333
194	354
194	368
194	392
194	406
194	432
194	482
194	484
194	509
194	717
194	760
194	961
195	241
195	262
195	271
195	293
195	310
195	341
195	376
195	473
195	507
195	539
195	586
195	598
195	609
195	612
195	645
195	649
195	673
195	782
195	825
196	215
196	243
196	291
196	356
196	393
196	439
196	615
196	659
196	717
196	881
196	935
196	981
197	346
197	477
197	495
197	553
197	586
197	609
197	800
197	803
197	859
197	861
197	868
197	894
197	909
197	976
198	204
198	229
198	252
198	268
198	313
198	369
198	377
198	401
198	425
198	427
198	544
198	545
198	576
198	578
198	691
198	852
198	890
198	902
198	951
198	960
199	256
199	275
199	324
199	328
199	367
199	402
199	533
199	601
199	818
199	875
199	939
199	970
199	992
200	267
200	350
200	363
200	412
200	508
200	531
200	555
200	558
200	669
200	751
200	754
200	910
200	925
200	938
200	998
201	240
201	247
201	302
201	332
201	359
201	384
201	414
201	447
201	541
201	630
201	724
201	893
201	946
201	947
202	207
202	218
202	219
202	240
202	248
202	321
202	327
202	344
202	386
202	442
202	470
202	497
202	604
202	745
202	793
202	870
202	988
203	240
203	308
203	380
203	394
203	398
203	434
203	467
203	486
203	509
203	573
203	647
203	678
203	696
203	747
203	907
203	994
204	245
204	305
204	312
204	368
204	458
204	479
204	543
204	598
204	696
204	741
204	746
204	946
205	216
205	228
205	329
205	406
205	407
205	413
205	423
205	425
205	536
205	549
205	605
205	629
205	710
205	722
205	798
206	288
206	307
206	325
206	360
206	497
206	504
206	533
206	569
206	723
206	953
207	216
207	320
207	399
207	403
207	410
207	449
207	538
207	628
207	633
207	646
207	680
207	691
207	755
207	768
207	819
208	341
208	357
208	359
208	360
208	376
208	422
208	576
208	617
208	621
208	871
208	927
209	211
209	226
209	304
209	352
209	385
209	396
209	487
209	553
209	605
209	607
209	632
209	690
209	711
209	770
209	852
209	868
209	934
209	995
210	343
210	371
210	395
210	414
210	458
210	472
210	478
210	518
210	529
210	743
210	747
210	942
210	945
210	960
210	985
211	242
211	297
211	299
211	417
211	449
211	493
211	514
211	779
211	814
211	900
211	980
211	999
212	246
212	260
212	273
212	353
212	362
212	386
212	456
212	459
212	504
212	596
212	690
212	780
212	856
212	892
213	244
213	322
213	342
213	354
213	362
213	394
213	396
213	423
213	498
213	528
213	627
213	669
213	688
213	697
213	818
213	911
213	934
214	240
214	295
214	337
214	346
214	349
214	394
214	521
214	583
214	686
214	687
214	742
214	752
214	828
214	831
214	858
215	243
215	325
215	343
215	345
215	356
215	392
215	425
215	462
215	624
215	675
215	715
215	769
215	799
215	852
216	242
216	262
216	351
216	357
216	417
216	528
216	555
216	590
216	617
216	733
216	753
216	832
216	899
216	948
217	319
217	320
217	333
217	355
217	358
217	417
217	494
217	516
217	529
217	533
217	542
217	562
217	636
217	675
217	683
217	781
217	816
217	846
218	220
218	224
218	232
218	256
218	269
218	325
218	399
218	453
218	504
218	588
218	676
218	849
218	913
218	975
219	233
219	263
219	341
219	355
219	424
219	528
219	669
219	811
219	813
219	838
219	859
219	953
220	232
220	299
220	411
220	466
220	538
220	592
220	613
220	658
220	693
220	694
220	724
220	832
220	879
220	893
220	909
221	229
221	259
221	348
221	383
221	391
221	491
221	577
221	827
221	929
221	956
221	977
222	239
222	278
222	294
222	296
222	323
222	449
222	495
222	528
222	553
222	566
222	603
222	642
222	643
222	851
222	910
222	960
223	287
223	323
223	351
223	398
223	406
223	467
223	502
223	673
223	683
223	721
223	809
223	985
223	994
224	250
224	282
224	300
224	305
224	326
224	414
224	464
224	535
224	654
224	798
224	817
224	854
224	903
224	967
225	240
225	292
225	332
225	346
225	379
225	409
225	498
225	592
225	607
225	641
225	851
225	856
225	875
225	921
226	230
226	301
226	317
226	329
226	338
226	385
226	440
226	452
226	648
226	685
226	755
226	757
226	887
226	894
226	994
227	238
227	266
227	273
227	325
227	381
227	456
227	464
227	526
227	530
227	531
227	537
227	542
227	597
227	691
227	698
227	748
227	860
228	285
228	321
228	361
228	432
228	517
228	566
228	577
228	668
228	838
228	870
228	937
228	941
228	996
228	999
229	234
229	313
229	317
229	340
229	399
229	435
229	534
229	940
229	946
230	250
230	282
230	304
230	379
230	385
230	401
230	466
230	487
230	598
230	677
230	814
230	903
230	973
231	274
231	279
231	307
231	414
231	542
231	652
231	689
231	763
231	840
231	931
231	994
232	270
232	297
232	338
232	363
232	439
232	467
232	485
232	509
232	580
232	590
232	796
232	907
232	919
232	935
232	982
233	248
233	263
233	267
233	273
233	302
233	357
233	385
233	409
233	424
233	453
233	567
233	602
234	239
234	292
234	307
234	371
234	425
234	480
234	655
234	685
234	756
234	757
234	841
234	876
234	989
235	257
235	285
235	328
235	337
235	338
235	408
235	505
235	539
235	595
235	613
235	698
235	773
235	816
235	828
235	898
236	237
236	268
236	274
236	275
236	319
236	347
236	350
236	389
236	460
236	667
236	737
236	818
236	821
236	991
237	239
237	242
237	307
237	328
237	358
237	493
237	540
237	571
237	580
237	879
237	881
237	884
238	251
238	411
238	436
238	569
238	574
238	593
238	751
238	850
238	872
238	951
239	379
239	385
239	444
239	475
239	678
239	696
239	752
239	768
239	846
240	266
240	437
240	469
240	668
240	675
240	729
240	941
240	948
241	273
241	352
241	358
241	401
241	458
241	661
241	820
241	844
241	880
242	248
242	369
242	515
242	577
242	821
242	914
242	978
243	332
243	348
243	449
243	545
243	594
243	708
243	730
243	831
243	844
243	885
243	958
244	280
244	291
244	309
244	345
244	381
244	481
244	578
244	605
244	911
245	275
245	288
245	305
245	404
245	472
245	516
245	546
245	654
245	675
245	767
245	783
245	812
245	839
245	964
246	256
246	323
246	337
246	373
246	384
246	464
246	473
246	476
246	534
246	672
246	802
246	872
247	301
247	344
247	346
247	355
247	652
247	700
247	703
247	740
247	861
247	968
248	284
248	308
248	347
248	416
248	502
248	506
248	772
248	893
248	952
248	993
249	251
249	342
249	396
249	469
249	706
249	732
249	768
249	776
249	842
249	911
249	988
249	990
250	379
250	397
250	415
250	515
250	558
250	705
250	719
250	736
250	787
250	808
250	918
251	279
251	330
251	335
251	343
251	387
251	405
251	412
251	500
251	617
252	300
252	339
252	383
252	404
252	420
252	458
252	472
252	639
252	643
252	678
252	748
252	789
252	805
252	849
253	285
253	390
253	486
253	546
253	582
253	583
253	666
253	680
253	806
253	878
253	904
253	989
254	281
254	290
254	293
254	310
254	334
254	340
254	365
254	397
254	572
254	577
254	800
254	801
254	826
254	942
255	297
255	300
255	303
255	428
255	565
255	600
255	608
255	633
255	654
255	763
255	839
255	899
255	952
256	261
256	331
256	559
256	560
256	620
256	833
256	909
256	953
256	973
256	990
257	259
257	277
257	278
257	361
257	455
257	471
257	485
257	500
257	629
257	731
257	758
257	906
257	929
258	265
258	303
258	331
258	359
258	396
258	488
258	501
258	641
258	675
258	679
258	753
258	806
258	995
259	294
259	577
259	600
259	645
259	682
259	956
260	274
260	281
260	300
260	367
260	446
260	451
260	489
260	502
260	638
260	727
260	753
260	757
260	778
260	829
260	845
261	315
261	337
261	384
261	537
261	559
261	668
261	834
261	869
261	884
261	905
261	959
262	319
262	323
262	361
262	393
262	523
262	563
262	587
262	714
262	882
263	367
263	382
263	384
263	498
263	570
263	608
263	676
263	704
263	797
263	815
263	913
263	927
263	928
263	971
264	442
264	458
264	481
264	515
264	545
264	619
264	645
264	726
264	766
264	888
265	295
265	306
265	360
265	426
265	477
265	515
265	548
265	587
265	853
265	855
265	916
265	973
266	268
266	282
266	357
266	452
266	471
266	496
266	520
266	575
266	647
266	745
266	832
266	919
266	931
267	298
267	363
267	386
267	449
267	529
267	535
267	615
267	632
267	687
267	706
267	719
267	815
268	271
268	306
268	373
268	499
268	586
268	610
268	622
268	649
268	693
268	712
268	798
268	811
268	905
269	274
269	305
269	342
269	583
269	596
269	619
269	644
269	705
269	768
269	842
269	866
270	324
270	361
270	448
270	450
270	453
270	632
270	798
270	840
271	278
271	342
271	356
271	364
271	378
271	456
271	498
271	628
271	955
271	958
272	291
272	326
272	369
272	386
272	430
272	457
272	468
272	486
272	550
272	588
272	708
272	793
272	862
272	947
273	406
273	559
273	599
273	608
273	636
273	684
273	706
273	852
273	914
273	965
274	317
274	350
274	451
274	462
274	497
274	591
274	667
274	698
274	918
274	933
274	945
275	328
275	341
275	397
275	568
275	641
275	698
275	781
275	782
275	996
276	374
276	384
276	429
276	476
276	529
276	635
276	668
276	716
276	732
276	735
276	792
276	939
277	283
277	321
277	433
277	443
277	667
277	689
277	745
277	906
277	954
277	962
277	969
277	995
278	302
278	320
278	337
278	394
278	440
278	477
278	539
278	692
278	811
278	839
278	937
278	970
279	303
279	385
279	398
279	409
279	410
279	445
279	734
279	892
279	924
280	334
280	480
280	549
280	557
280	639
280	658
280	733
280	763
280	767
280	978
280	986
281	365
281	397
281	448
281	493
281	571
281	631
281	653
281	655
281	681
281	698
281	799
281	810
281	887
281	983
282	285
282	457
282	475
282	749
282	762
282	822
282	826
282	885
283	312
283	367
283	458
283	494
283	610
283	641
283	654
283	672
283	721
283	790
284	321
284	383
284	483
284	488
284	567
284	570
284	574
284	595
284	699
284	766
284	933
284	963
285	329
285	336
285	348
285	361
285	368
285	424
285	478
285	554
285	650
285	832
285	872
286	291
286	299
286	460
286	521
286	562
286	613
286	699
286	700
286	848
286	894
286	945
286	951
286	985
287	302
287	333
287	392
287	606
287	743
287	754
287	766
287	834
287	842
287	917
287	999
288	290
288	312
288	431
288	505
288	584
288	624
288	642
288	800
288	801
288	885
288	897
288	918
288	941
289	314
289	321
289	385
289	455
289	480
289	513
289	573
289	597
289	619
289	720
289	745
290	314
290	393
290	511
290	526
290	573
290	578
290	606
290	662
290	678
290	800
290	818
290	896
291	412
291	445
291	490
291	606
291	625
291	802
291	922
292	423
292	438
292	582
292	630
292	711
292	726
292	746
293	405
293	428
293	436
293	507
293	545
293	621
293	728
293	750
293	761
293	797
293	808
293	843
293	912
294	359
294	360
294	427
294	437
294	502
294	527
294	574
294	626
294	920
294	948
294	972
295	311
295	336
295	467
295	486
295	516
295	541
295	554
295	579
295	626
295	769
295	794
295	817
296	389
296	411
296	491
296	545
296	630
296	885
296	916
296	978
296	983
297	399
297	462
297	593
297	714
297	800
297	831
297	952
297	954
298	340
298	342
298	352
298	368
298	421
298	445
298	449
298	624
298	701
298	784
298	852
298	886
298	966
299	322
299	339
299	362
299	372
299	387
299	432
299	434
299	616
299	618
299	794
299	972
300	320
300	402
300	463
300	472
300	479
300	543
300	689
300	717
300	785
300	984
301	325
301	330
301	368
301	390
301	433
301	784
301	797
301	926
301	1000
302	323
302	417
302	454
302	550
302	607
302	721
302	796
302	855
302	992
302	993
303	384
303	395
303	400
303	418
303	440
303	518
303	615
303	723
303	731
303	775
303	782
304	404
304	476
304	506
304	516
304	619
304	644
304	691
304	709
305	341
305	370
305	372
305	391
305	498
305	565
305	567
305	659
305	696
306	339
306	374
306	394
306	454
306	481
306	505
306	636
306	757
306	774
307	410
307	411
307	424
307	494
307	503
307	561
307	701
308	314
308	338
308	418
308	471
308	492
308	604
308	650
308	656
308	744
308	834
308	847
308	871
309	387
309	470
309	522
309	534
309	555
309	663
309	724
309	792
309	926
310	326
310	391
310	432
310	446
310	494
310	501
310	585
311	339
311	362
311	376
311	379
311	498
311	507
311	537
311	806
311	908
311	986
311	993
312	356
312	459
312	520
312	526
312	590
312	794
312	843
312	887
312	923
312	998
313	371
313	381
313	403
313	492
313	518
313	531
313	537
313	610
313	730
313	971
313	995
313	999
314	349
314	472
314	489
314	568
314	685
314	754
314	773
314	943
315	408
315	451
315	675
315	796
315	933
315	973
316	432
316	459
316	470
316	481
316	491
316	565
316	596
316	860
316	978
317	338
317	363
317	426
317	476
317	501
317	680
317	694
317	803
317	833
318	357
318	393
318	410
318	611
318	653
318	654
318	704
318	833
318	901
319	328
319	361
319	436
319	553
319	604
319	637
319	687
319	740
320	414
320	716
320	809
320	901
320	910
320	930
320	975
321	357
321	364
321	422
321	513
321	524
321	556
321	654
321	727
321	939
321	974
322	332
322	403
322	475
322	651
322	718
322	793
322	857
322	876
322	911
322	935
322	983
323	377
323	447
323	448
323	469
323	673
323	738
323	836
323	931
324	345
324	360
324	376
324	582
324	629
324	734
324	756
324	825
324	974
324	975
324	984
325	551
325	842
325	912
326	357
326	499
326	666
326	742
326	937
327	334
327	336
327	632
327	650
327	798
327	891
327	946
328	343
328	372
328	402
328	500
328	638
328	650
328	763
329	430
329	466
329	673
329	777
329	849
329	862
329	962
330	351
330	460
330	532
330	720
330	972
331	352
331	376
331	448
331	511
331	579
331	589
331	664
332	356
332	382
332	525
332	536
332	601
332	656
332	777
332	860
332	974
333	356
333	361
333	371
333	476
333	702
333	843
333	927
333	989
334	348
334	397
334	455
334	703
334	771
334	838
334	941
335	343
335	369
335	553
335	627
335	690
335	738
336	344
336	512
336	603
336	680
336	693
336	706
336	897
336	940
337	474
337	593
337	618
337	644
337	824
337	916
337	964
338	343
338	439
338	461
338	560
338	694
338	775
338	851
338	929
339	488
339	531
339	590
339	633
339	659
339	932
339	943
340	355
340	369
340	466
340	536
340	569
340	620
340	905
340	968
341	470
341	532
341	535
341	648
341	803
341	838
341	849
341	899
341	965
342	466
342	579
342	697
342	806
343	407
343	514
343	582
343	583
343	623
343	786
343	951
344	382
344	510
344	536
344	559
344	736
344	760
344	927
344	930
344	935
345	364
345	492
345	607
345	637
345	733
345	830
345	869
345	934
346	492
346	496
346	597
346	601
346	648
346	660
346	675
346	708
346	722
346	998
347	358
347	419
347	505
347	605
347	630
347	684
347	826
347	857
348	512
348	529
348	674
348	700
348	895
349	350
349	491
349	506
349	752
349	835
349	905
349	911
349	982
350	429
350	471
350	602
350	620
350	851
350	944
351	406
351	434
351	450
351	627
351	697
351	890
351	936
351	952
352	371
352	461
352	553
352	556
352	641
352	729
352	826
352	933
353	430
353	489
353	544
353	644
353	679
353	871
353	893
353	908
353	929
354	489
354	595
354	603
354	631
354	637
354	837
354	982
355	419
355	433
355	520
355	795
355	905
356	407
356	536
356	543
356	679
356	756
356	855
356	894
356	949
357	555
357	571
357	651
357	701
357	734
357	974
358	379
358	381
358	403
358	429
358	563
358	607
358	629
358	723
358	770
358	821
359	429
359	494
359	540
359	735
359	899
360	408
360	534
360	552
360	584
360	640
360	863
360	919
360	960
361	426
361	535
361	604
361	721
361	752
361	969
362	369
362	805
362	833
362	857
362	901
363	558
363	733
363	790
363	812
363	853
363	955
364	380
364	571
364	587
364	632
364	819
364	828
364	972
364	988
365	476
365	572
365	603
365	614
365	796
365	834
365	863
365	932
366	375
366	579
366	639
366	683
366	684
366	702
366	792
366	857
366	898
366	966
367	374
367	384
367	403
367	634
367	684
367	713
367	787
368	482
368	559
368	776
368	788
368	825
368	836
368	898
369	387
369	403
369	438
369	455
369	867
370	628
370	646
370	677
370	695
370	950
370	957
371	398
371	417
371	446
371	577
371	702
371	745
372	507
372	510
372	511
372	589
372	643
372	884
372	945
372	993
373	493
373	503
373	559
373	586
373	619
373	622
373	785
373	846
374	379
374	434
374	504
374	592
374	602
374	627
374	740
374	905
375	388
375	430
375	485
375	506
375	624
375	688
375	764
375	783
375	811
375	886
376	408
376	520
376	640
376	791
376	830
377	453
377	612
377	686
377	723
377	732
378	380
378	478
378	535
378	549
378	590
378	695
378	723
378	788
379	543
379	634
379	645
379	693
379	978
380	443
380	474
380	645
380	754
380	765
380	777
380	810
380	913
380	943
381	524
381	540
381	708
381	725
381	744
381	842
381	956
382	605
382	676
382	681
382	725
382	763
382	893
382	911
383	513
383	525
383	611
383	932
383	987
383	991
384	464
384	508
384	607
384	623
384	964
384	997
385	561
385	643
385	930
385	990
385	991
386	402
386	585
386	665
386	683
386	753
386	856
387	404
387	449
387	601
387	616
387	825
387	865
387	876
388	481
388	504
388	565
388	598
388	600
388	657
388	681
388	807
388	932
388	978
389	400
389	463
389	488
389	490
389	681
389	705
389	797
389	806
390	410
390	560
390	692
390	705
390	785
390	815
391	428
391	461
391	481
391	540
391	546
391	591
391	645
391	714
391	869
392	414
392	473
392	497
392	656
392	724
392	783
392	820
393	452
393	477
393	494
393	595
393	781
393	863
393	902
394	663
394	670
394	744
395	552
395	558
395	659
395	681
395	713
395	846
395	856
395	977
396	425
396	563
396	575
396	609
396	630
396	683
396	817
396	865
396	1000
397	572
397	756
397	771
397	821
397	835
397	921
397	993
398	475
398	508
398	722
398	888
398	964
399	441
399	507
399	586
399	733
399	779
399	824
399	905
399	922
400	534
400	556
400	562
400	606
400	691
400	908
401	547
401	597
401	605
401	615
401	638
401	902
402	415
402	446
402	463
402	470
402	628
402	671
402	901
402	919
403	421
403	480
403	584
403	623
403	753
403	770
404	412
404	463
404	757
404	765
404	875
404	969
405	521
405	621
405	682
405	697
405	768
405	813
405	886
405	923
405	953
406	435
406	455
406	593
406	596
406	694
406	758
406	802
406	958
407	424
407	631
407	667
407	679
407	682
407	778
407	791
407	850
408	574
408	640
408	731
408	747
408	952
409	486
409	737
409	738
409	848
409	998
410	503
410	599
410	627
410	865
410	936
410	956
410	974
411	527
411	553
411	676
411	715
412	552
412	584
412	665
412	801
412	845
412	992
413	444
413	477
413	490
413	502
413	552
413	665
413	685
413	688
413	690
413	987
414	421
414	492
414	522
414	701
414	995
415	443
415	474
415	480
415	581
415	618
415	671
415	764
415	883
415	963
416	450
416	500
416	540
416	545
416	572
416	661
416	674
416	819
416	850
417	568
417	657
417	712
417	718
417	776
417	985
418	455
418	474
418	478
418	510
418	519
418	571
418	684
418	718
418	839
418	909
418	990
419	465
419	525
419	613
419	823
419	887
419	920
419	990
420	464
420	473
420	556
420	580
420	751
420	809
420	896
421	501
421	525
421	552
421	612
421	633
421	686
421	781
422	488
422	732
422	778
422	899
422	906
423	450
423	858
423	884
423	930
423	950
424	609
424	674
424	709
424	776
424	822
424	848
424	946
424	971
425	446
425	492
425	545
425	733
425	756
425	823
425	854
426	444
426	502
426	519
426	525
426	527
426	599
426	678
426	819
426	881
426	900
427	498
427	587
427	653
427	799
427	850
427	874
428	538
428	548
428	556
428	619
428	686
428	843
428	955
429	479
429	608
429	635
429	744
429	912
429	923
430	653
430	699
430	848
430	906
430	918
430	941
430	977
431	447
431	450
431	465
431	651
431	724
431	808
432	463
432	484
432	582
432	680
432	733
432	736
432	821
433	447
433	461
433	563
433	569
433	628
433	745
433	809
433	949
434	571
434	579
434	659
434	810
434	834
434	839
434	883
435	456
435	461
435	473
435	483
435	621
435	680
435	802
435	892
435	978
436	455
436	564
436	616
436	672
436	693
436	729
436	743
437	488
437	494
437	527
437	601
437	602
437	655
437	736
437	846
437	848
438	445
438	621
438	623
438	838
438	848
438	959
439	476
439	492
439	542
439	737
439	767
439	865
439	925
439	984
440	526
440	532
440	627
440	644
440	838
440	944
440	970
441	450
441	512
441	714
441	739
441	783
441	793
441	898
442	710
442	734
442	738
442	812
442	882
442	947
442	971
443	615
443	796
444	520
444	551
444	613
444	633
444	711
444	855
444	884
444	966
444	999
445	492
445	506
445	640
445	654
445	793
445	997
446	469
446	706
446	740
446	841
447	541
447	550
447	823
447	833
448	471
448	478
448	704
448	774
448	784
448	809
448	975
448	979
449	459
449	505
449	623
449	653
449	830
450	556
450	596
450	706
450	722
450	975
451	552
451	578
451	604
451	662
451	664
451	942
452	538
452	670
452	750
453	469
453	540
453	795
453	961
453	975
454	744
454	815
454	873
454	900
454	911
454	923
455	559
455	688
455	692
455	719
455	780
456	537
456	589
456	762
456	807
456	860
457	504
457	658
457	749
457	770
457	806
457	894
457	977
457	1000
458	548
458	555
458	730
458	825
458	960
459	463
459	512
459	534
459	612
459	630
459	649
459	655
459	679
459	742
460	491
460	504
460	505
460	514
460	612
460	907
461	498
461	537
461	701
461	802
461	852
461	878
462	537
462	594
462	647
462	692
462	742
462	748
462	918
463	466
463	519
463	691
463	751
463	786
464	504
464	616
464	748
464	812
464	827
465	642
465	734
465	758
465	886
466	561
466	660
466	875
466	1000
467	499
467	662
467	730
467	823
468	530
468	547
468	891
469	688
469	762
469	788
470	490
470	622
470	771
470	779
470	794
470	946
471	526
471	675
471	738
471	750
472	474
472	658
472	698
472	747
472	963
473	517
473	598
473	638
473	858
474	485
474	488
474	655
474	709
474	716
474	879
474	926
475	488
475	517
475	607
475	743
475	784
475	963
475	1000
476	769
476	838
477	566
477	769
477	823
477	882
477	1000
478	481
478	595
478	737
478	840
479	491
479	548
479	775
479	779
479	832
479	958
480	562
480	588
480	705
480	742
480	904
481	622
481	901
481	905
482	552
482	574
482	674
483	543
483	574
483	631
483	668
483	698
483	735
483	792
483	952
484	497
484	524
484	539
484	776
484	904
485	727
485	777
485	819
485	847
485	938
485	965
486	543
486	554
486	667
486	853
486	916
486	964
486	975
487	537
487	593
487	711
487	803
487	988
487	999
488	789
488	985
489	762
489	895
489	940
490	512
490	557
490	795
490	817
490	981
491	710
491	933
492	651
492	895
493	605
493	686
493	807
493	920
494	564
494	685
494	944
495	581
495	625
495	685
495	762
495	877
496	657
496	726
496	760
496	780
496	960
497	581
497	647
497	751
498	649
498	855
499	594
499	727
499	769
499	772
499	811
499	858
500	650
500	712
500	921
501	616
501	822
502	554
502	635
502	917
503	776
503	805
503	847
504	533
504	663
504	879
505	566
505	608
505	660
505	676
505	709
505	720
505	992
506	575
506	662
506	914
507	525
507	588
507	752
507	762
507	997
508	516
508	652
508	783
508	887
508	915
509	567
509	568
509	707
509	723
509	962
510	629
510	647
510	692
510	794
510	820
510	898
511	526
511	538
511	691
511	699
512	684
512	765
512	772
513	692
513	739
513	789
514	535
514	630
514	674
514	687
514	792
514	896
515	531
515	655
515	765
515	913
515	926
516	646
516	711
516	915
516	916
517	652
517	668
517	688
517	749
517	799
517	824
517	885
518	677
518	739
518	797
518	865
519	556
519	892
520	642
520	944
520	989
521	577
521	714
521	877
521	926
521	954
522	728
522	772
522	774
522	793
522	822
522	846
522	855
522	968
523	532
523	571
523	767
523	803
523	866
523	882
524	540
524	542
524	679
524	748
524	884
524	892
524	984
524	986
525	528
525	617
525	711
525	889
525	917
526	584
526	758
526	864
526	902
527	870
527	920
527	933
528	661
528	863
529	639
529	735
529	918
530	585
530	743
530	830
530	853
530	901
530	928
531	935
531	946
532	620
532	886
532	995
533	636
533	649
533	671
533	910
533	947
534	585
534	670
534	908
534	996
535	909
535	915
535	977
536	562
536	601
536	647
536	751
536	899
536	915
537	647
537	788
538	557
538	815
538	936
538	938
539	735
539	786
540	639
540	692
540	860
541	713
541	802
541	808
541	932
541	956
542	736
542	804
542	897
543	560
543	576
543	708
543	728
543	836
544	719
544	725
544	743
545	677
545	860
546	549
546	626
546	754
546	772
546	855
546	956
547	589
547	636
547	697
547	703
547	717
548	568
548	593
548	625
548	764
549	661
549	926
549	942
549	973
550	784
550	791
550	809
550	886
550	924
551	563
551	606
551	656
551	687
551	720
551	733
551	845
551	920
551	980
552	621
552	685
552	746
552	759
552	870
553	581
553	981
554	760
554	986
555	676
555	682
555	703
555	844
555	943
556	584
556	958
557	677
557	708
557	831
557	858
558	585
558	711
558	824
558	865
558	868
559	582
559	807
559	964
560	600
560	769
560	922
561	662
561	790
561	950
562	684
562	771
562	864
562	948
563	567
563	581
563	780
564	683
564	725
564	751
564	804
564	896
565	635
565	744
565	897
565	903
565	940
566	644
566	667
566	980
567	726
567	750
567	762
567	907
568	630
568	632
568	758
568	832
569	673
569	720
569	759
569	762
570	611
570	633
570	824
570	981
571	593
571	595
571	979
572	844
572	969
573	662
573	678
573	727
573	751
573	841
574	617
574	840
575	729
575	799
575	885
575	909
575	944
576	595
576	627
576	636
576	674
576	716
576	827
577	609
577	840
577	985
578	610
578	650
578	818
578	917
578	925
579	648
579	707
579	945
580	609
580	657
580	660
580	707
580	783
580	920
581	874
581	948
581	982
582	627
582	723
582	837
583	617
583	799
584	659
584	699
584	932
585	691
585	692
585	864
586	690
586	729
586	902
587	595
587	785
587	888
587	924
587	966
588	702
588	741
588	919
588	976
589	607
589	629
589	652
589	695
589	767
589	908
590	743
590	904
591	759
591	770
591	794
592	746
592	804
592	952
593	745
593	819
594	651
594	717
594	823
594	911
594	971
595	642
595	748
595	790
595	923
596	607
596	648
596	774
596	785
596	796
596	897
597	670
597	700
597	889
598	707
598	735
598	992
599	684
599	848
599	878
600	648
600	657
600	950
601	670
601	671
601	872
602	749
602	772
602	891
602	999
603	638
603	745
603	747
603	781
604	831
605	713
605	953
606	612
606	618
606	848
607	747
608	937
609	669
609	679
609	696
610	777
610	859
610	890
611	878
611	987
612	792
612	873
613	656
614	716
614	722
614	774
614	810
614	868
615	676
615	689
615	813
615	829
615	866
616	666
616	856
616	904
616	944
618	759
618	896
619	664
619	786
620	621
620	760
620	784
620	810
620	867
621	694
621	755
621	803
622	683
622	730
623	843
623	872
624	689
624	696
624	731
624	747
624	814
624	909
625	666
625	710
625	836
625	862
625	925
625	954
626	688
626	694
627	899
628	661
628	820
628	866
629	680
629	734
629	797
629	889
630	672
631	658
631	689
631	816
631	842
631	973
632	760
633	711
633	786
633	819
634	797
634	968
635	922
636	813
637	681
637	709
637	924
637	996
638	777
639	729
639	828
640	718
640	736
640	774
640	826
640	963
641	710
641	757
641	805
644	809
644	839
644	945
645	663
645	686
645	832
645	979
646	719
646	897
646	999
647	681
647	879
648	891
648	979
649	683
649	700
649	763
650	689
650	720
650	722
650	983
651	773
651	777
651	783
651	800
652	681
652	836
652	987
653	705
653	766
653	846
653	854
654	695
655	677
655	678
655	810
655	828
656	760
656	997
657	775
657	800
657	815
657	955
658	687
658	857
658	884
659	660
659	934
660	688
660	897
661	885
662	722
662	728
662	814
663	895
664	685
664	721
664	820
664	905
664	935
665	730
665	787
665	862
665	921
666	996
668	940
668	990
669	815
670	759
670	791
670	843
670	862
670	864
670	954
671	702
671	962
671	998
672	892
672	993
673	756
673	798
673	835
673	853
674	757
674	925
675	963
676	694
676	766
677	826
678	697
678	985
679	694
679	716
680	761
682	775
682	780
682	944
682	984
683	776
683	944
684	709
684	967
686	694
686	713
686	764
689	782
689	818
690	908
690	965
690	970
693	827
693	885
693	917
693	986
694	818
694	949
695	775
695	790
696	788
696	868
696	888
697	854
698	836
699	783
699	814
699	840
699	929
700	807
700	939
701	773
701	798
701	814
701	822
702	761
703	707
703	708
703	778
704	773
704	781
704	810
704	872
704	912
705	867
705	870
705	957
706	865
707	914
709	978
710	748
710	820
711	976
712	727
712	743
712	790
712	870
712	922
714	868
714	884
715	869
715	895
715	936
716	719
716	816
716	839
716	907
716	922
717	834
718	775
718	799
719	725
719	923
720	742
721	774
721	924
722	942
723	801
723	939
724	845
724	959
724	997
725	816
725	958
726	954
726	969
728	761
728	877
729	887
730	863
731	751
731	952
731	960
732	741
732	858
732	912
732	976
733	765
733	843
733	874
734	845
735	750
735	867
736	837
736	866
737	779
737	831
737	835
737	869
738	804
738	830
740	889
740	942
741	797
741	977
741	983
742	900
742	951
744	794
744	923
744	929
745	987
746	786
746	995
747	928
749	765
749	968
749	988
750	824
750	919
751	829
752	922
752	996
753	759
754	883
755	798
755	897
755	973
755	989
756	771
756	979
756	980
757	758
757	778
757	892
757	933
758	767
758	789
758	937
759	853
761	804
761	967
762	854
763	876
763	914
764	792
764	840
766	880
766	888
766	915
768	934
769	812
770	941
771	878
771	988
773	800
774	795
774	877
775	942
775	989
777	841
778	910
778	930
778	950
779	874
780	897
780	928
780	981
781	802
782	816
782	827
784	964
785	864
786	838
786	931
787	873
787	943
787	960
788	836
789	805
790	794
791	895
792	876
793	835
793	936
794	982
796	889
799	844
800	876
800	965
801	841
801	966
804	890
805	878
805	899
805	949
806	825
807	943
809	818
810	900
810	916
811	827
811	919
812	825
812	862
813	862
813	969
814	850
816	817
816	923
816	924
816	959
817	915
818	864
820	854
821	900
822	848
822	869
822	911
823	845
824	976
825	917
827	961
828	983
828	990
830	998
831	861
832	841
832	949
833	957
834	839
834	900
835	958
840	877
843	926
844	849
844	955
845	890
847	961
849	862
849	904
850	882
853	877
855	963
856	875
856	887
856	947
858	968
859	944
859	979
860	909
861	936
862	876
862	921
863	903
865	910
865	947
867	976
871	931
871	980
877	928
877	984
879	987
883	902
886	966
887	968
887	981
889	971
890	914
891	939
891	973
892	950
894	908
894	938
896	924
898	1000
901	938
902	913
904	925
910	967
912	947
913	984
915	985
915	991
917	967
918	927
921	935
922	947
925	961
927	948
928	963
929	976
929	977
930	932
933	971
934	986
937	943
937	950
940	963
951	991
953	956
954	957
966	982
970	997
973	999
979	986
