1	2
1	21
1	43
1	49
1	50
1	52
1	54
1	65
1	72
1	81
1	108
1	117
1	125
1	126
1	137
1	154
1	209
1	216
1	225
1	307
1	361
1	400
1	407
1	418
1	419
2	12
2	24
2	38
2	54
2	91
2	94
2	103
2	141
2	155
2	157
2	184
2	190
2	230
2	254
2	284
2	332
2	336
2	348
2	390
2	398
2	444
2	456
2	480
2	495
3	7
3	8
3	9
3	12
3	26
3	28
3	30
3	43
3	58
3	61
3	65
3	69
3	100
3	102
3	124
3	136
3	181
3	222
3	230
3	238
3	276
3	398
3	438
3	439
4	8
4	15
4	18
4	25
4	28
4	30
4	32
4	49
4	67
4	70
4	89
4	134
4	188
4	190
4	197
4	224
4	227
4	233
4	263
4	326
4	346
4	366
4	368
5	14
5	19
5	31
5	34
5	35
5	73
5	78
5	88
5	95
5	100
5	106
5	135
5	182
5	218
5	305
5	306
5	325
5	355
5	405
5	413
5	415
5	416
5	429
6	8
6	13
6	21
6	39
6	44
6	49
6	59
6	60
6	61
6	71
6	192
6	206
6	215
6	220
6	248
6	262
6	303
6	311
6	344
6	356
6	456
6	476
6	496
7	15
7	21
7	30
7	35
7	40
7	48
7	69
7	77
7	85
7	106
7	114
7	116
7	145
7	195
7	201
7	204
7	252
7	328
7	346
7	355
7	490
8	13
8	21
8	52
8	58
8	59
8	60
8	64
8	65
8	73
8	74
8	92
8	125
8	131
8	178
8	199
8	221
8	257
8	259
8	367
9	47
9	51
9	54
9	100
9	119
9	121
9	134
9	137
9	142
9	154
9	193
9	226
9	229
9	240
9	284
9	324
9	334
9	337
9	339
9	375
9	427
10	14
10	31
10	35
10	39
10	42
10	51
10	64
10	74
10	89
10	105
10	107
10	110
10	116
10	156
10	172
10	200
10	256
10	288
10	300
10	354
10	383
10	436
11	41
11	42
11	44
11	50
11	72
11	80
11	83
11	143
11	144
11	166
11	192
11	220
11	251
11	265
11	291
11	301
11	304
11	316
11	363
11	439
11	452
11	464
12	45
12	46
12	54
12	55
12	58
12	102
12	153
12	183
12	205
12	231
12	250
12	274
12	310
12	335
12	353
12	388
12	400
12	471
12	483
13	17
13	18
13	22
13	24
13	36
13	44
13	59
13	61
13	88
13	142
13	152
13	243
13	246
13	284
13	350
13	373
13	386
13	396
13	399
14	45
14	70
14	73
14	103
14	115
14	139
14	146
14	189
14	196
14	202
14	208
14	233
14	258
14	259
14	333
14	384
14	389
14	463
14	472
15	18
15	27
15	34
15	42
15	88
15	96
15	107
15	134
15	180
15	197
15	233
15	247
15	281
15	300
15	305
15	332
15	423
15	428
15	437
16	27
16	35
16	63
16	72
16	75
16	83
16	91
16	135
16	160
16	165
16	181
16	207
16	228
16	272
16	303
16	308
16	313
16	323
16	403
16	415
16	444
17	21
17	22
17	24
17	40
17	49
17	71
17	91
17	107
17	110
17	113
17	119
17	159
17	175
17	186
17	206
17	272
17	274
17	288
17	350
17	468
18	38
18	44
18	52
18	60
18	80
18	83
18	88
18	96
18	100
18	134
18	173
18	238
18	274
18	326
18	352
18	362
18	366
18	473
19	27
19	45
19	46
19	63
19	65
19	67
19	92
19	118
19	139
19	196
19	200
19	219
19	253
19	258
19	273
19	293
19	295
19	340
19	345
20	46
20	47
20	48
20	52
20	55
20	76
20	98
20	107
20	152
20	173
20	178
20	198
20	251
20	289
20	331
20	340
20	344
20	421
20	423
20	430
21	54
21	57
21	102
21	123
21	142
21	148
21	158
21	177
21	191
21	217
21	341
21	380
21	414
21	462
21	488
22	40
22	62
22	64
22	84
22	85
22	124
22	131
22	147
22	239
22	279
22	309
22	321
22	322
22	349
22	358
22	409
22	447
22	460
23	42
23	50
23	85
23	106
23	129
23	130
23	140
23	154
23	162
23	188
23	245
23	247
23	249
23	325
23	398
23	414
23	417
23	436
23	442
23	480
24	29
24	30
24	66
24	96
24	139
24	153
24	154
24	174
24	194
24	262
24	266
24	267
24	273
24	285
24	289
24	391
25	61
25	63
25	75
25	83
25	93
25	104
25	158
25	160
25	174
25	180
25	237
25	269
25	318
25	320
25	392
25	439
25	466
25	474
26	34
26	46
26	48
26	75
26	80
26	92
26	132
26	140
26	142
26	176
26	264
26	276
26	332
26	336
26	361
26	418
26	432
26	475
27	45
27	63
27	66
27	77
27	92
27	114
27	118
27	147
27	212
27	231
27	275
27	285
27	286
27	302
27	472
27	496
28	43
28	56
28	62
28	67
28	71
28	102
28	118
28	152
28	165
28	206
28	214
28	242
28	257
28	370
28	414
28	427
28	487
29	38
29	66
29	81
29	96
29	103
29	111
29	130
29	140
29	144
29	155
29	178
29	207
29	238
29	252
29	295
29	357
29	412
29	414
30	31
30	64
30	128
30	163
30	179
30	203
30	250
30	282
30	300
30	313
30	375
30	409
30	425
30	460
31	39
31	59
31	76
31	84
31	110
31	130
31	185
31	201
31	248
31	260
31	309
31	340
31	362
31	387
31	393
32	43
32	67
32	70
32	77
32	96
32	98
32	119
32	163
32	196
32	209
32	212
32	214
32	272
32	282
32	405
32	466
32	495
33	37
33	50
33	57
33	65
33	69
33	75
33	86
33	101
33	104
33	107
33	112
33	127
33	185
33	261
33	312
33	318
33	464
33	491
34	55
34	63
34	76
34	89
34	110
34	129
34	143
34	159
34	250
34	297
34	353
34	367
34	451
34	461
34	477
35	48
35	57
35	84
35	107
35	145
35	171
35	225
35	299
35	339
35	346
35	360
35	365
35	424
36	53
36	57
36	81
36	92
36	109
36	111
36	115
36	125
36	225
36	256
36	264
36	302
36	368
36	369
36	403
36	472
37	39
37	46
37	53
37	59
37	67
37	76
37	104
37	174
37	283
37	285
37	313
37	337
37	338
37	341
37	406
37	472
38	61
38	82
38	84
38	95
38	111
38	145
38	157
38	283
38	325
38	333
38	347
38	375
38	449
38	467
39	48
39	69
39	87
39	109
39	143
39	172
39	201
39	217
39	270
39	317
39	385
39	391
39	402
40	57
40	59
40	64
40	120
40	144
40	148
40	149
40	222
40	331
40	413
40	419
40	477
40	482
40	488
41	45
41	49
41	70
41	117
41	119
41	124
41	155
41	205
41	224
41	225
41	310
41	321
41	349
41	444
41	479
41	483
42	50
42	62
42	85
42	86
42	88
42	112
42	122
42	153
42	158
42	219
42	304
42	442
42	497
43	47
43	65
43	138
43	221
43	228
43	235
43	278
43	285
43	300
43	326
43	364
43	407
43	479
44	62
44	124
44	146
44	147
44	159
44	188
44	196
44	203
44	214
44	306
44	437
44	470
45	71
45	90
45	97
45	231
45	240
45	243
45	259
45	273
45	280
45	297
45	456
46	108
46	118
46	182
46	239
46	278
46	293
46	330
46	415
46	441
46	455
46	496
47	49
47	108
47	109
47	111
47	122
47	177
47	321
47	356
47	358
47	388
47	391
47	441
47	465
48	69
48	71
48	81
48	117
48	190
48	219
48	249
48	299
48	344
48	377
48	477
49	51
49	58
49	95
49	97
49	117
49	157
49	292
49	312
49	396
49	425
50	93
50	99
50	107
50	193
50	223
50	239
50	268
50	277
50	454
50	456
51	74
51	120
51	147
51	149
51	153
51	155
51	169
51	248
51	292
51	332
51	431
51	499
52	54
52	69
52	105
52	137
52	206
52	207
52	260
52	275
52	406
52	415
52	489
53	66
53	94
53	133
53	134
53	172
53	206
53	216
53	225
53	348
53	401
53	415
53	492
53	495
54	56
54	69
54	167
54	209
54	271
54	307
54	331
54	334
54	374
55	56
55	63
55	157
55	223
55	243
55	266
55	329
55	354
55	413
55	451
55	458
55	489
56	74
56	79
56	125
56	141
56	175
56	251
56	288
56	319
56	323
56	469
56	487
57	101
57	151
57	228
57	301
57	320
57	357
57	460
57	481
57	497
58	70
58	74
58	148
58	186
58	219
58	230
58	347
58	350
58	352
58	474
59	86
59	120
59	152
59	187
59	240
59	292
59	349
59	382
60	128
60	187
60	197
60	224
60	246
60	272
60	281
60	352
60	423
60	428
60	495
61	116
61	175
61	254
61	263
61	271
61	290
61	327
61	341
61	406
62	113
62	136
62	224
62	247
62	256
62	305
62	306
62	395
62	401
62	490
63	68
63	85
63	98
63	106
63	113
63	130
63	162
63	315
64	89
64	120
64	151
64	191
64	215
64	314
64	327
64	400
65	114
65	119
65	147
65	160
65	173
65	231
65	471
66	72
66	97
66	99
66	109
66	118
66	119
66	127
66	146
66	448
67	70
67	89
67	136
67	207
67	210
67	227
67	336
67	421
68	122
68	165
68	179
68	190
68	201
68	280
68	358
68	427
68	436
68	441
68	450
68	462
69	70
69	187
69	207
69	270
69	299
69	482
70	75
70	214
70	242
70	370
70	425
70	490
71	113
71	116
71	131
71	155
71	218
71	349
71	382
71	407
72	85
72	119
72	193
72	260
72	297
72	301
72	324
72	446
73	164
73	176
73	243
73	267
73	268
73	359
73	420
73	452
73	498
74	77
74	97
74	131
74	244
74	295
74	463
74	495
75	104
75	163
75	402
75	439
75	452
75	497
75	498
76	98
76	100
76	110
76	211
76	241
76	383
76	437
76	442
77	80
77	144
77	182
77	227
77	249
77	360
77	391
77	455
78	97
78	127
78	161
78	261
78	264
78	298
78	334
78	379
78	391
78	392
78	465
79	106
79	121
79	172
79	208
79	218
79	221
79	246
79	299
79	338
79	373
79	481
80	127
80	138
80	204
80	212
80	245
80	248
80	254
80	348
81	132
81	141
81	279
81	293
81	315
81	351
81	359
81	455
82	84
82	135
82	170
82	198
82	283
82	292
82	353
82	402
82	432
82	486
82	491
83	94
83	96
83	106
83	319
83	375
83	404
83	433
83	486
84	125
84	157
84	161
84	178
84	215
84	241
84	435
85	116
85	159
85	296
85	339
85	477
85	485
86	91
86	98
86	101
86	160
86	210
86	233
86	291
86	419
86	445
87	121
87	135
87	170
87	178
87	183
87	201
87	220
87	246
87	255
87	349
87	493
88	143
88	151
88	228
88	255
88	271
88	385
88	478
89	223
89	280
89	319
89	329
89	367
89	427
89	497
90	93
90	101
90	103
90	111
90	176
90	237
90	301
90	364
90	403
90	422
90	500
91	133
91	168
91	193
91	304
91	306
91	376
91	385
91	386
92	97
92	103
92	267
92	322
92	349
92	448
93	112
93	128
93	131
93	132
93	151
93	177
93	338
93	438
94	103
94	112
94	154
94	227
94	360
94	408
94	478
94	489
95	102
95	204
95	325
95	331
95	356
95	487
95	498
95	499
96	163
96	172
96	238
96	275
96	318
97	146
97	173
97	199
97	313
97	430
98	101
98	218
98	220
98	245
98	365
98	470
99	114
99	178
99	208
99	227
99	253
99	269
99	308
99	341
99	475
100	120
100	141
100	148
100	149
100	410
100	485
101	141
101	142
101	160
101	191
101	304
101	392
102	178
102	223
102	232
102	314
102	396
102	410
103	134
103	216
103	297
103	348
103	365
104	180
104	277
104	422
104	446
104	455
104	475
104	491
105	116
105	129
105	156
105	190
105	247
105	270
105	286
105	326
105	399
106	138
106	213
106	250
106	262
106	399
107	165
107	308
107	389
107	464
108	142
108	147
108	186
108	248
108	316
108	378
108	411
108	431
109	130
109	183
109	260
109	292
109	296
109	437
109	483
110	168
110	199
110	212
110	402
110	417
111	199
111	216
111	251
111	267
111	295
112	126
112	193
112	220
112	327
112	409
112	500
113	114
113	234
113	299
113	381
113	397
113	418
114	245
114	309
114	354
114	369
114	451
115	118
115	133
115	163
115	169
115	201
115	202
115	364
115	475
116	150
116	203
116	461
116	481
117	136
117	144
117	179
117	226
117	262
117	399
118	166
118	243
118	277
118	458
119	177
119	388
119	450
120	137
120	147
120	246
120	358
120	403
121	126
121	138
121	226
121	316
121	405
121	443
121	483
122	185
122	240
122	276
122	291
122	312
122	409
122	492
123	129
123	130
123	166
123	170
123	229
123	328
123	334
123	441
123	448
124	181
124	254
124	262
124	363
124	382
124	419
125	270
125	274
125	395
125	443
125	471
126	152
126	177
126	345
126	407
126	482
126	489
126	493
127	139
127	216
127	261
127	317
127	431
127	473
128	174
128	183
128	238
128	268
128	298
128	368
128	425
129	168
129	214
129	231
129	261
129	359
129	465
130	166
130	189
130	259
130	440
131	137
131	293
131	417
131	430
131	467
132	146
132	194
132	274
132	363
132	444
132	494
133	135
133	136
133	164
133	256
133	408
133	457
134	281
134	309
134	484
135	327
135	328
135	370
135	395
136	197
136	233
136	242
136	459
137	347
137	388
137	416
137	447
138	258
138	265
138	315
138	412
138	492
139	225
139	264
139	291
139	298
139	454
140	258
140	286
140	308
140	314
140	374
140	472
141	215
141	276
141	322
141	337
142	307
142	468
142	485
143	181
143	305
143	308
143	311
143	389
144	265
144	297
144	319
144	320
145	196
145	218
145	231
145	311
145	447
145	485
146	151
146	267
146	313
146	377
147	150
147	373
148	161
148	184
148	236
148	269
148	297
149	168
149	184
149	205
149	378
149	422
149	435
150	171
150	188
150	230
150	294
150	298
150	353
150	469
151	158
151	442
151	473
151	498
152	163
152	175
152	257
152	321
153	221
153	254
153	257
153	400
153	402
154	264
154	323
154	330
154	384
155	213
155	215
155	244
155	287
156	201
156	216
156	224
156	317
156	440
156	445
156	455
157	180
157	253
157	259
157	386
158	205
158	376
158	386
158	404
158	413
159	176
159	194
159	227
159	293
159	330
160	263
160	422
160	433
161	329
161	346
161	381
161	420
161	469
162	204
162	242
162	282
162	299
162	404
162	418
163	388
163	420
164	165
164	174
164	254
164	302
164	336
164	358
165	185
165	271
165	376
166	199
166	234
166	289
166	453
167	168
167	246
167	343
167	348
167	394
167	396
167	462
168	270
168	280
168	342
169	243
169	269
169	273
169	317
169	347
169	449
170	260
170	400
170	465
170	470
170	493
171	186
171	232
171	250
171	266
171	354
171	381
172	344
172	368
172	450
173	194
173	195
173	267
173	286
174	205
174	214
174	384
175	307
175	365
175	476
175	479
176	223
176	253
176	359
176	490
177	250
177	372
177	499
178	316
179	202
179	263
179	301
179	320
179	368
180	249
180	333
180	393
180	409
181	186
181	230
181	272
181	296
182	328
182	342
182	360
182	423
182	426
183	395
183	398
183	454
183	461
184	221
184	288
184	440
184	445
184	476
185	253
185	310
185	318
185	324
186	265
186	398
186	459
187	203
187	231
187	235
187	314
187	319
188	208
188	210
188	330
188	490
189	228
189	313
189	389
189	412
189	467
189	498
190	204
190	387
190	483
191	211
191	244
191	459
191	469
191	479
192	205
192	249
192	285
192	290
192	345
192	377
193	256
193	279
193	440
194	265
194	434
194	457
194	468
195	259
195	289
195	338
195	419
195	426
195	493
196	351
196	484
196	494
197	221
197	247
197	371
197	383
198	232
198	340
198	371
198	372
198	379
198	427
199	342
199	369
199	442
200	213
200	252
200	256
200	340
200	405
200	423
201	376
202	242
202	311
202	352
202	437
202	499
203	210
203	241
203	263
203	343
204	212
204	350
204	477
205	322
205	432
206	315
206	358
206	411
207	229
207	445
208	290
208	302
208	384
209	223
209	438
209	443
209	446
210	328
210	336
210	394
211	222
211	240
211	271
211	335
211	486
212	261
212	363
213	215
213	316
213	429
213	474
214	331
215	366
216	332
217	241
217	284
217	405
217	461
217	468
218	296
218	298
219	242
219	322
219	448
220	223
220	266
221	337
222	285
222	291
222	382
222	418
224	233
224	484
225	337
226	314
226	335
226	366
226	448
227	265
228	390
228	403
229	343
229	387
229	417
229	482
230	255
230	312
232	270
232	433
232	461
232	474
233	424
234	235
234	294
234	369
234	374
234	458
235	428
235	434
235	488
235	496
236	253
236	261
236	290
236	341
236	390
236	473
237	277
237	329
237	410
237	479
237	486
238	337
238	487
239	303
239	319
239	372
239	394
240	387
240	499
241	271
241	323
241	353
242	310
243	496
244	252
244	262
244	371
244	393
245	273
245	401
245	421
246	347
247	414
247	466
248	329
248	462
249	314
249	478
250	348
251	260
251	334
251	497
252	338
252	365
252	426
253	344
254	347
255	272
255	335
255	359
255	494
256	457
257	300
257	303
257	476
258	281
258	283
258	365
259	315
260	281
261	291
262	471
263	318
263	355
264	308
264	350
265	401
266	286
266	384
266	458
267	333
268	275
268	360
268	364
269	376
269	379
273	374
274	339
275	326
275	393
276	452
276	486
277	330
277	433
278	322
278	378
278	379
278	471
279	341
279	355
279	394
280	345
280	447
281	295
282	300
282	385
282	449
283	463
283	484
284	397
284	441
286	356
287	372
287	380
287	397
287	399
287	428
288	378
288	438
289	421
289	447
290	443
290	462
292	464
293	335
294	374
294	433
294	457
294	474
295	430
296	339
296	469
298	397
301	346
302	363
302	410
303	311
303	429
304	309
304	491
305	362
305	500
306	449
306	473
307	377
307	411
309	343
310	327
310	443
311	485
312	451
312	500
315	416
316	492
317	381
317	429
318	412
320	321
320	389
321	416
323	364
323	446
324	356
324	357
324	454
325	416
325	484
326	366
327	357
328	446
329	440
330	352
331	434
332	478
333	380
333	435
334	343
335	436
336	424
338	343
339	454
340	342
342	362
342	453
344	395
345	361
345	363
346	380
350	370
351	420
351	428
351	460
351	466
352	378
353	429
354	424
354	480
355	453
355	492
356	467
357	361
357	422
359	362
360	401
361	372
361	482
362	470
364	439
366	460
367	406
367	413
369	451
370	411
371	475
371	476
373	434
373	435
375	434
377	468
379	494
380	453
381	450
382	456
383	458
383	494
385	459
386	467
387	420
390	404
390	488
392	394
392	425
393	449
396	407
397	470
404	491
406	431
408	421
408	466
408	481
410	435
411	450
412	463
417	493
424	438
426	432
426	453
430	480
431	445
432	463
436	457
444	481
452	487
459	480
464	500
465	489
478	488
