1	4
1	74
1	80
1	91
1	96
1	97
1	111
1	126
1	153
1	170
1	185
1	191
1	194
1	202
1	210
1	232
1	244
1	278
1	286
1	293
1	300
1	320
1	326
1	327
1	334
1	372
1	382
1	383
1	394
1	424
1	460
1	476
1	527
1	530
1	550
1	559
1	565
1	570
1	592
1	594
1	664
1	713
1	745
1	779
1	838
1	894
1	907
1	941
1	964
1	993
2	6
2	32
2	83
2	120
2	180
2	192
2	197
2	199
2	208
2	211
2	249
2	258
2	265
2	281
2	295
2	305
2	360
2	401
2	402
2	404
2	405
2	407
2	419
2	427
2	450
2	455
2	462
2	473
2	478
2	489
2	516
2	549
2	638
2	653
2	667
2	686
2	697
2	707
2	735
2	737
2	738
2	744
2	805
2	823
2	879
2	893
2	906
2	950
2	970
2	994
3	13
3	26
3	93
3	121
3	143
3	168
3	175
3	228
3	240
3	255
3	272
3	303
3	324
3	350
3	397
3	438
3	448
3	464
3	466
3	488
3	545
3	551
3	555
3	632
3	656
3	672
3	685
3	705
3	709
3	732
3	739
3	757
3	761
3	775
3	788
3	803
3	807
3	817
3	819
3	827
3	841
3	859
3	862
3	867
3	872
3	888
3	899
3	930
3	963
3	978
4	74
4	77
4	78
4	96
4	111
4	126
4	160
4	170
4	185
4	191
4	194
4	202
4	210
4	232
4	241
4	267
4	273
4	278
4	286
4	326
4	327
4	344
4	347
4	362
4	372
4	382
4	384
4	401
4	447
4	476
4	496
4	508
4	521
4	565
4	570
4	591
4	592
4	594
4	620
4	646
4	664
4	717
4	779
4	821
4	829
4	838
4	892
4	999
5	12
5	47
5	53
5	72
5	81
5	94
5	107
5	150
5	154
5	155
5	175
5	234
5	254
5	261
5	277
5	290
5	306
5	342
5	364
5	373
5	374
5	383
5	385
5	400
5	433
5	443
5	486
5	503
5	511
5	533
5	534
5	563
5	587
5	616
5	643
5	663
5	668
5	680
5	719
5	727
5	736
5	780
5	781
5	800
5	826
5	878
5	899
5	967
5	987
6	7
6	17
6	18
6	28
6	40
6	49
6	57
6	128
6	134
6	139
6	147
6	152
6	156
6	169
6	174
6	195
6	213
6	245
6	259
6	362
6	366
6	389
6	391
6	426
6	445
6	454
6	490
6	548
6	584
6	589
6	593
6	601
6	615
6	651
6	654
6	701
6	751
6	760
6	773
6	789
6	816
6	822
6	858
6	889
6	916
6	922
6	946
6	995
7	18
7	40
7	49
7	56
7	57
7	127
7	128
7	134
7	139
7	147
7	152
7	156
7	169
7	174
7	179
7	195
7	212
7	213
7	228
7	245
7	248
7	297
7	316
7	366
7	368
7	391
7	426
7	445
7	454
7	531
7	568
7	584
7	593
7	601
7	615
7	651
7	654
7	701
7	720
7	724
7	760
7	822
7	916
7	922
7	930
7	946
7	953
7	995
8	15
8	29
8	35
8	71
8	76
8	91
8	98
8	113
8	129
8	149
8	172
8	215
8	224
8	237
8	284
8	288
8	307
8	339
8	345
8	349
8	354
8	363
8	376
8	396
8	399
8	420
8	436
8	437
8	481
8	484
8	531
8	562
8	564
8	573
8	614
8	630
8	635
8	669
8	698
8	724
8	810
8	828
8	840
8	873
8	890
8	919
8	959
8	979
9	35
9	44
9	86
9	87
9	112
9	133
9	136
9	154
9	157
9	163
9	173
9	201
9	207
9	250
9	253
9	256
9	264
9	291
9	292
9	299
9	304
9	332
9	356
9	417
9	434
9	441
9	444
9	522
9	544
9	567
9	571
9	627
9	644
9	661
9	670
9	682
9	702
9	708
9	719
9	735
9	748
9	768
9	908
9	920
9	942
9	962
9	969
9	973
10	17
10	28
10	40
10	50
10	56
10	58
10	101
10	106
10	110
10	131
10	135
10	161
10	175
10	196
10	217
10	231
10	238
10	296
10	328
10	338
10	395
10	409
10	411
10	429
10	432
10	505
10	552
10	569
10	581
10	589
10	624
10	642
10	657
10	659
10	691
10	722
10	737
10	746
10	749
10	766
10	783
10	828
10	839
10	846
10	870
10	892
10	939
10	992
11	43
11	52
11	59
11	65
11	69
11	85
11	114
11	122
11	142
11	176
11	186
11	214
11	215
11	216
11	274
11	313
11	331
11	340
11	357
11	358
11	367
11	386
11	418
11	421
11	442
11	452
11	454
11	492
11	523
11	541
11	560
11	623
11	671
11	683
11	706
11	750
11	752
11	774
11	777
11	842
11	853
11	871
11	918
11	922
11	952
11	954
11	975
11	981
12	26
12	31
12	47
12	53
12	69
12	72
12	81
12	94
12	103
12	107
12	118
12	150
12	155
12	175
12	234
12	261
12	276
12	277
12	290
12	314
12	317
12	342
12	373
12	374
12	385
12	400
12	443
12	483
12	503
12	515
12	534
12	563
12	599
12	643
12	656
12	658
12	663
12	668
12	680
12	769
12	811
12	826
12	903
12	944
12	967
12	987
13	82
13	107
13	121
13	143
13	158
13	168
13	228
13	240
13	255
13	272
13	321
13	324
13	350
13	376
13	397
13	438
13	448
13	464
13	466
13	488
13	545
13	546
13	551
13	555
13	632
13	637
13	670
13	672
13	705
13	709
13	732
13	739
13	761
13	782
13	788
13	803
13	807
13	817
13	827
13	841
13	859
13	862
13	899
13	930
13	963
13	978
14	24
14	52
14	59
14	77
14	78
14	102
14	105
14	116
14	124
14	177
14	180
14	193
14	203
14	219
14	235
14	256
14	269
14	282
14	294
14	320
14	361
14	379
14	387
14	410
14	416
14	435
14	495
14	499
14	536
14	611
14	612
14	622
14	649
14	650
14	696
14	721
14	759
14	761
14	843
14	844
14	854
14	911
14	915
14	927
14	931
14	955
15	29
15	51
15	71
15	76
15	91
15	95
15	98
15	113
15	129
15	149
15	164
15	175
15	206
15	247
15	283
15	284
15	287
15	288
15	307
15	312
15	329
15	345
15	349
15	354
15	359
15	376
15	396
15	420
15	436
15	437
15	473
15	481
15	484
15	510
15	562
15	564
15	635
15	669
15	698
15	710
15	717
15	799
15	919
15	979
15	998
16	22
16	29
16	34
16	38
16	41
16	47
16	68
16	75
16	100
16	138
16	146
16	181
16	188
16	226
16	227
16	241
16	254
16	300
16	308
16	318
16	336
16	375
16	431
16	456
16	479
16	494
16	535
16	557
16	574
16	655
16	677
16	681
16	699
16	716
16	726
16	731
16	772
16	811
16	865
16	895
16	898
16	913
16	923
16	966
16	985
16	989
17	28
17	50
17	56
17	58
17	101
17	106
17	110
17	131
17	135
17	161
17	196
17	217
17	221
17	225
17	231
17	238
17	274
17	296
17	328
17	338
17	341
17	355
17	392
17	395
17	409
17	411
17	425
17	429
17	482
17	514
17	577
17	618
17	624
17	657
17	659
17	665
17	691
17	766
17	839
17	846
17	860
17	924
17	939
17	961
18	39
18	40
18	49
18	57
18	100
18	128
18	133
18	134
18	139
18	147
18	152
18	156
18	169
18	195
18	212
18	213
18	248
18	297
18	316
18	354
18	362
18	366
18	368
18	389
18	391
18	426
18	445
18	454
18	490
18	531
18	568
18	593
18	604
18	651
18	654
18	701
18	724
18	760
18	789
18	816
18	822
18	922
18	995
18	1000
19	36
19	51
19	60
19	63
19	64
19	67
19	89
19	103
19	104
19	119
19	123
19	130
19	218
19	223
19	231
19	257
19	262
19	289
19	313
19	315
19	323
19	337
19	358
19	365
19	428
19	432
19	474
19	495
19	504
19	539
19	543
19	602
19	630
19	728
19	753
19	785
19	790
19	831
19	885
19	886
19	897
19	932
19	936
19	956
19	971
20	21
20	27
20	28
20	39
20	54
20	62
20	108
20	134
20	144
20	145
20	148
20	166
20	184
20	187
20	198
20	224
20	271
20	302
20	312
20	449
20	514
20	519
20	540
20	554
20	572
20	585
20	588
20	603
20	639
20	648
20	703
20	704
20	730
20	742
20	765
20	778
20	809
20	848
20	864
20	883
20	884
20	891
20	905
20	938
20	956
21	27
21	39
21	54
21	62
21	82
21	108
21	144
21	145
21	166
21	198
21	230
21	266
21	271
21	302
21	312
21	359
21	368
21	449
21	463
21	500
21	514
21	517
21	519
21	540
21	553
21	554
21	572
21	580
21	585
21	603
21	608
21	626
21	703
21	730
21	742
21	756
21	765
21	792
21	809
21	824
21	825
21	938
21	948
21	957
22	34
22	38
22	41
22	68
22	75
22	83
22	100
22	138
22	146
22	181
22	188
22	227
22	300
22	308
22	318
22	336
22	351
22	375
22	384
22	390
22	431
22	456
22	518
22	524
22	535
22	576
22	596
22	609
22	655
22	677
22	693
22	699
22	714
22	716
22	726
22	731
22	811
22	851
22	888
22	898
22	923
22	966
22	969
23	33
23	37
23	42
23	43
23	61
23	70
23	90
23	99
23	127
23	140
23	141
23	162
23	165
23	171
23	182
23	205
23	220
23	224
23	229
23	263
23	270
23	279
23	311
23	319
23	322
23	351
23	388
23	458
23	465
23	528
23	561
23	598
23	600
23	764
23	771
23	815
23	818
23	833
23	852
23	875
23	902
23	925
23	943
23	972
24	59
24	77
24	78
24	105
24	115
24	116
24	119
24	124
24	128
24	167
24	177
24	203
24	235
24	269
24	282
24	294
24	320
24	338
24	361
24	378
24	379
24	410
24	412
24	416
24	430
24	495
24	498
24	499
24	536
24	622
24	624
24	641
24	649
24	650
24	684
24	759
24	794
24	844
24	880
24	911
24	915
24	927
24	955
25	30
25	45
25	46
25	48
25	79
25	82
25	93
25	95
25	109
25	110
25	125
25	139
25	178
25	222
25	235
25	246
25	276
25	280
25	285
25	301
25	310
25	333
25	353
25	377
25	380
25	446
25	453
25	469
25	485
25	502
25	526
25	575
25	631
25	688
25	700
25	712
25	718
25	729
25	775
25	830
25	837
25	977
25	990
26	47
26	53
26	72
26	81
26	94
26	107
26	118
26	150
26	155
26	175
26	190
26	191
26	254
26	261
26	277
26	290
26	306
26	314
26	400
26	435
26	486
26	503
26	511
26	515
26	534
26	563
26	587
26	599
26	643
26	668
26	674
26	727
26	736
26	780
26	800
26	815
26	878
26	903
26	944
26	976
27	39
27	52
27	54
27	62
27	108
27	144
27	148
27	166
27	184
27	187
27	198
27	230
27	266
27	296
27	302
27	312
27	359
27	398
27	429
27	449
27	514
27	517
27	519
27	553
27	585
27	603
27	608
27	619
27	626
27	639
27	703
27	741
27	778
27	809
27	825
27	848
27	891
27	905
27	910
27	938
28	50
28	56
28	58
28	101
28	106
28	110
28	131
28	196
28	221
28	225
28	229
28	238
28	239
28	296
28	395
28	409
28	411
28	482
28	505
28	520
28	552
28	569
28	577
28	581
28	589
28	657
28	659
28	689
28	694
28	722
28	739
28	746
28	749
28	766
28	849
28	917
28	939
28	961
29	71
29	76
29	91
29	95
29	113
29	129
29	149
29	164
29	172
29	193
29	206
29	237
29	283
29	335
29	339
29	345
29	354
29	363
29	399
29	420
29	436
29	437
29	473
29	484
29	512
29	562
29	614
29	669
29	710
29	721
29	762
29	799
29	828
29	857
29	863
29	873
29	889
29	979
30	45
30	46
30	48
30	79
30	82
30	92
30	93
30	109
30	119
30	125
30	137
30	159
30	171
30	178
30	209
30	252
30	285
30	293
30	310
30	333
30	341
30	353
30	377
30	380
30	446
30	470
30	502
30	544
30	548
30	631
30	688
30	718
30	767
30	806
30	830
30	837
30	845
30	977
30	980
30	986
31	36
31	67
31	73
31	89
31	92
31	103
31	117
31	123
31	130
31	151
31	174
31	179
31	218
31	223
31	365
31	371
31	398
31	414
31	432
31	433
31	467
31	475
31	504
31	582
31	590
31	605
31	607
31	687
31	723
31	733
31	856
31	861
31	885
31	912
31	937
31	947
31	971
31	974
31	983
31	991
32	83
32	106
32	120
32	180
32	192
32	199
32	208
32	211
32	217
32	249
32	258
32	265
32	281
32	295
32	360
32	402
32	404
32	405
32	409
32	419
32	427
32	450
32	462
32	478
32	489
32	516
32	549
32	553
32	558
32	633
32	667
32	679
32	707
32	735
32	737
32	738
32	805
32	812
32	823
32	994
33	37
33	42
33	61
33	70
33	90
33	118
33	127
33	140
33	141
33	165
33	171
33	182
33	205
33	220
33	224
33	229
33	240
33	243
33	245
33	263
33	275
33	348
33	369
33	388
33	415
33	458
33	462
33	528
33	532
33	595
33	598
33	764
33	776
33	815
33	825
33	868
33	876
33	935
33	943
33	972
34	38
34	41
34	68
34	75
34	100
34	138
34	146
34	181
34	188
34	202
34	226
34	227
34	300
34	305
34	308
34	318
34	336
34	375
34	431
34	441
34	456
34	479
34	494
34	535
34	557
34	609
34	677
34	681
34	693
34	714
34	726
34	731
34	772
34	865
34	869
34	913
34	928
34	969
35	44
35	86
35	87
35	112
35	133
35	136
35	151
35	154
35	163
35	201
35	203
35	250
35	256
35	260
35	264
35	268
35	291
35	304
35	324
35	332
35	346
35	356
35	407
35	434
35	441
35	506
35	507
35	510
35	522
35	544
35	571
35	692
35	702
35	708
35	798
35	920
35	928
35	962
36	51
36	60
36	63
36	73
36	104
36	117
36	119
36	123
36	130
36	151
36	223
36	241
36	257
36	279
36	323
36	337
36	358
36	365
36	371
36	428
36	460
36	474
36	596
36	602
36	617
36	683
36	687
36	728
36	786
36	790
36	797
36	886
36	937
36	945
36	947
36	958
36	968
36	997
37	42
37	61
37	70
37	90
37	99
37	127
37	140
37	141
37	162
37	166
37	171
37	220
37	229
37	243
37	263
37	312
37	319
37	322
37	369
37	477
37	528
37	532
37	561
37	598
37	600
37	740
37	771
37	787
37	807
37	815
37	818
37	852
37	868
37	876
37	902
37	935
37	951
37	982
38	41
38	68
38	71
38	75
38	98
38	100
38	125
38	138
38	146
38	181
38	227
38	300
38	308
38	318
38	336
38	351
38	375
38	431
38	456
38	494
38	518
38	524
38	535
38	557
38	609
38	677
38	681
38	693
38	731
38	747
38	811
38	851
38	869
38	966
38	969
38	985
38	989
39	54
39	108
39	145
39	166
39	184
39	187
39	198
39	230
39	253
39	271
39	302
39	312
39	357
39	449
39	500
39	519
39	529
39	540
39	554
39	585
39	603
39	619
39	621
39	626
39	639
39	704
39	792
39	824
39	848
39	864
39	886
39	905
39	910
39	938
39	948
39	996
40	49
40	57
40	69
40	128
40	139
40	147
40	152
40	156
40	169
40	195
40	212
40	213
40	245
40	316
40	366
40	368
40	389
40	391
40	445
40	454
40	568
40	601
40	615
40	720
40	751
40	760
40	772
40	773
40	816
40	822
40	858
40	906
40	922
40	940
40	1000
41	51
41	68
41	75
41	78
41	100
41	138
41	146
41	181
41	188
41	209
41	226
41	227
41	300
41	431
41	456
41	479
41	518
41	524
41	535
41	557
41	576
41	593
41	655
41	677
41	699
41	714
41	772
41	791
41	869
41	895
41	913
41	923
41	969
41	985
41	989
42	61
42	90
42	95
42	99
42	120
42	127
42	140
42	141
42	144
42	162
42	224
42	229
42	243
42	263
42	275
42	311
42	319
42	348
42	388
42	415
42	458
42	465
42	477
42	528
42	561
42	600
42	689
42	740
42	776
42	833
42	868
42	876
42	935
42	943
42	972
42	982
43	50
43	52
43	65
43	69
43	85
43	114
43	142
43	176
43	186
43	214
43	215
43	216
43	239
43	274
43	330
43	331
43	357
43	413
43	421
43	442
43	451
43	452
43	471
43	491
43	492
43	523
43	547
43	560
43	623
43	671
43	683
43	706
43	758
43	777
43	853
43	981
43	983
44	86
44	87
44	112
44	133
44	136
44	157
44	163
44	207
44	227
44	232
44	250
44	253
44	260
44	268
44	332
44	346
44	356
44	382
44	407
44	417
44	434
44	444
44	507
44	571
44	579
44	627
44	661
44	670
44	692
44	711
44	768
44	798
44	832
44	866
44	920
44	934
44	973
45	46
45	48
45	73
45	79
45	92
45	93
45	97
45	109
45	125
45	209
45	222
45	246
45	276
45	301
45	310
45	353
45	370
45	377
45	380
45	453
45	469
45	470
45	515
45	548
45	631
45	700
45	767
45	793
45	806
45	837
45	845
45	855
45	895
45	900
45	901
45	904
45	977
46	48
46	60
46	79
46	82
46	93
46	109
46	125
46	137
46	146
46	159
46	178
46	209
46	222
46	246
46	276
46	285
46	341
46	352
46	353
46	377
46	380
46	453
46	485
46	509
46	566
46	575
46	634
46	645
46	685
46	688
46	718
46	767
46	900
46	901
46	949
47	53
47	72
47	81
47	94
47	107
47	118
47	150
47	155
47	175
47	237
47	261
47	277
47	306
47	317
47	373
47	408
47	443
47	483
47	533
47	563
47	586
47	587
47	599
47	616
47	656
47	658
47	668
47	674
47	769
47	781
47	878
47	903
47	967
47	976
48	79
48	87
48	93
48	109
48	137
48	178
48	209
48	246
48	252
48	276
48	285
48	304
48	333
48	370
48	377
48	446
48	453
48	470
48	502
48	526
48	566
48	575
48	634
48	645
48	674
48	688
48	700
48	715
48	830
48	855
48	933
48	954
48	980
48	990
49	57
49	59
49	128
49	134
49	139
49	147
49	152
49	156
49	169
49	170
49	174
49	195
49	213
49	259
49	272
49	297
49	316
49	362
49	366
49	368
49	391
49	421
49	426
49	445
49	490
49	531
49	615
49	701
49	724
49	789
49	858
49	940
49	995
49	1000
50	56
50	58
50	101
50	106
50	110
50	114
50	135
50	138
50	196
50	217
50	221
50	225
50	238
50	296
50	355
50	409
50	411
50	429
50	437
50	505
50	520
50	569
50	577
50	581
50	618
50	642
50	657
50	691
50	694
50	783
50	860
50	924
50	926
50	992
51	63
51	67
51	88
51	89
51	103
51	104
51	111
51	117
51	119
51	151
51	223
51	257
51	270
51	279
51	298
51	323
51	398
51	403
51	428
51	474
51	475
51	504
51	604
51	617
51	714
51	728
51	754
51	785
51	786
51	790
51	831
51	856
51	897
51	997
52	65
52	69
52	85
52	114
52	122
52	124
52	142
52	186
52	214
52	215
52	239
52	274
52	331
52	340
52	367
52	386
52	418
52	421
52	442
52	451
52	452
52	491
52	492
52	560
52	623
52	673
52	676
52	706
52	750
52	752
52	774
52	777
52	820
52	871
53	72
53	81
53	84
53	94
53	99
53	107
53	118
53	150
53	155
53	234
53	254
53	261
53	306
53	317
53	342
53	373
53	374
53	400
53	433
53	515
53	533
53	606
53	607
53	680
53	727
53	740
53	780
53	787
53	800
53	801
53	903
53	944
53	976
54	62
54	133
54	144
54	145
54	148
54	184
54	198
54	200
54	230
54	266
54	271
54	312
54	325
54	449
54	463
54	500
54	517
54	519
54	530
54	540
54	553
54	572
54	585
54	688
54	704
54	719
54	730
54	742
54	792
54	825
54	883
54	884
54	905
55	66
55	163
55	173
55	183
55	189
55	204
55	236
55	242
55	251
55	325
55	381
55	393
55	406
55	422
55	423
55	472
55	493
55	497
55	542
55	583
55	613
55	625
55	636
55	640
55	650
55	662
55	755
55	796
55	797
55	814
55	834
55	835
55	836
55	850
55	877
55	914
56	58
56	93
56	101
56	106
56	110
56	131
56	153
56	196
56	217
56	221
56	225
56	296
56	392
56	395
56	409
56	411
56	425
56	482
56	507
56	552
56	581
56	589
56	624
56	659
56	694
56	766
56	849
56	892
56	917
56	939
56	961
57	134
57	139
57	147
57	152
57	169
57	174
57	213
57	214
57	248
57	259
57	319
57	362
57	366
57	426
57	445
57	454
57	490
57	538
57	584
57	651
57	701
57	751
57	760
57	773
57	789
57	816
57	858
57	889
57	922
57	940
57	953
58	89
58	101
58	106
58	110
58	112
58	131
58	135
58	161
58	196
58	217
58	225
58	238
58	259
58	296
58	355
58	395
58	409
58	411
58	460
58	589
58	618
58	659
58	665
58	722
58	746
58	749
58	802
58	839
58	924
58	939
58	961
59	77
59	78
59	102
59	105
59	116
59	124
59	167
59	177
59	193
59	203
59	269
59	376
59	387
59	410
59	412
59	416
59	495
59	498
59	536
59	641
59	647
59	650
59	695
59	696
59	734
59	794
59	854
59	911
59	915
59	927
59	929
59	955
60	63
60	64
60	88
60	89
60	103
60	104
60	119
60	129
60	130
60	151
60	177
60	179
60	223
60	270
60	279
60	298
60	315
60	323
60	371
60	414
60	428
60	474
60	582
60	602
60	605
60	607
60	723
60	759
60	786
60	885
60	897
60	974
60	991
61	70
61	99
61	127
61	162
61	182
61	205
61	220
61	224
61	229
61	243
61	263
61	275
61	292
61	306
61	311
61	319
61	322
61	369
61	388
61	415
61	477
61	528
61	595
61	682
61	815
61	818
61	858
61	876
61	925
61	943
61	951
61	972
62	145
62	148
62	158
62	166
62	184
62	187
62	192
62	198
62	200
62	240
62	271
62	302
62	449
62	500
62	517
62	553
62	554
62	572
62	583
62	603
62	621
62	626
62	704
62	741
62	765
62	778
62	809
62	819
62	848
62	910
62	948
62	957
63	64
63	67
63	88
63	89
63	103
63	117
63	119
63	197
63	204
63	218
63	223
63	257
63	262
63	289
63	315
63	349
63	371
63	398
63	403
63	432
63	467
63	480
63	504
63	511
63	617
63	629
63	675
63	861
63	897
63	947
63	956
64	73
64	89
64	104
64	119
64	123
64	151
64	179
64	218
64	233
64	243
64	270
64	289
64	313
64	323
64	358
64	365
64	398
64	403
64	413
64	467
64	474
64	538
64	586
64	605
64	607
64	617
64	628
64	629
64	786
64	813
64	945
64	974
65	70
65	85
65	105
65	114
65	142
65	176
65	186
65	214
65	239
65	330
65	340
65	357
65	367
65	386
65	407
65	442
65	451
65	452
65	471
65	492
65	535
65	541
65	547
65	560
65	580
65	676
65	706
65	750
65	808
65	820
65	842
65	853
66	84
66	111
66	173
66	183
66	189
66	190
66	236
66	251
66	325
66	343
66	347
66	390
66	393
66	423
66	461
66	493
66	497
66	500
66	525
66	579
66	583
66	640
66	660
66	743
66	747
66	754
66	755
66	814
66	835
66	836
66	874
66	877
66	909
66	929
67	89
67	103
67	117
67	130
67	218
67	223
67	230
67	233
67	257
67	262
67	289
67	313
67	315
67	360
67	398
67	414
67	467
67	480
67	513
67	539
67	596
67	628
67	629
67	698
67	785
67	786
67	831
67	856
67	932
67	958
67	991
68	75
68	100
68	146
68	181
68	188
68	226
68	227
68	300
68	308
68	318
68	336
68	375
68	395
68	467
68	494
68	518
68	524
68	535
68	576
68	655
68	669
68	677
68	693
68	714
68	716
68	731
68	780
68	869
68	966
68	985
69	85
69	114
69	122
69	142
69	176
69	186
69	214
69	216
69	274
69	330
69	331
69	340
69	357
69	360
69	418
69	421
69	452
69	491
69	547
69	673
69	676
69	706
69	750
69	752
69	758
69	808
69	842
69	853
69	952
70	90
70	99
70	127
70	140
70	154
70	162
70	165
70	171
70	182
70	205
70	220
70	229
70	243
70	311
70	319
70	322
70	388
70	415
70	595
70	722
70	771
70	818
70	833
70	852
70	876
70	943
70	951
70	972
70	982
71	76
71	91
71	95
71	98
71	129
71	132
71	149
71	164
71	172
71	206
71	237
71	283
71	295
71	307
71	329
71	339
71	354
71	363
71	396
71	473
71	484
71	564
71	614
71	630
71	635
71	669
71	818
71	828
71	873
71	919
72	81
72	94
72	107
72	118
72	150
72	175
72	254
72	261
72	277
72	306
72	314
72	317
72	364
72	374
72	385
72	400
72	486
72	563
72	587
72	635
72	643
72	658
72	674
72	781
72	787
72	794
72	842
72	878
72	987
73	88
73	89
73	103
73	104
73	151
73	179
73	233
73	257
73	289
73	313
73	315
73	337
73	365
73	371
73	413
73	467
73	480
73	513
73	538
73	543
73	563
73	586
73	590
73	607
73	617
73	628
73	790
73	831
73	968
73	971
74	96
74	126
74	153
74	160
74	170
74	185
74	191
74	202
74	241
74	267
74	273
74	278
74	286
74	327
74	344
74	382
74	394
74	401
74	439
74	447
74	501
74	521
74	550
74	594
74	646
74	745
74	804
74	821
74	824
74	882
74	890
74	999
75	100
75	107
75	138
75	146
75	155
75	181
75	188
75	227
75	300
75	318
75	336
75	351
75	375
75	431
75	479
75	494
75	512
75	524
75	576
75	681
75	714
75	716
75	731
75	869
75	895
75	966
75	984
76	91
76	95
76	98
76	129
76	132
76	172
76	206
76	237
76	247
76	283
76	284
76	287
76	288
76	345
76	352
76	363
76	420
76	456
76	484
76	577
76	614
76	718
76	799
76	847
76	863
76	873
76	890
76	959
76	979
77	78
77	105
77	115
77	116
77	167
77	177
77	193
77	219
77	235
77	241
77	269
77	282
77	294
77	320
77	410
77	416
77	422
77	430
77	490
77	495
77	536
77	611
77	612
77	647
77	650
77	745
77	813
77	843
77	955
78	102
78	115
78	116
78	124
78	193
78	219
78	294
78	387
78	410
78	412
78	422
78	440
78	495
78	536
78	611
78	612
78	639
78	647
78	666
78	795
78	813
78	844
78	854
78	880
78	911
78	931
78	955
79	82
79	92
79	125
79	137
79	209
79	242
79	246
79	280
79	285
79	333
79	341
79	353
79	380
79	395
79	469
79	470
79	487
79	548
79	631
79	645
79	688
79	700
79	715
79	718
79	725
79	845
79	949
79	977
80	126
80	153
80	160
80	170
80	185
80	194
80	210
80	232
80	244
80	246
80	261
80	293
80	327
80	334
80	372
80	439
80	521
80	530
80	559
80	565
80	646
80	713
80	727
80	756
80	770
80	829
80	838
80	882
80	894
80	896
80	912
80	960
81	94
81	118
81	150
81	261
81	277
81	290
81	316
81	342
81	364
81	385
81	420
81	440
81	453
81	503
81	511
81	534
81	599
81	616
81	656
81	769
81	780
81	781
81	787
81	801
81	903
81	967
81	976
82	92
82	93
82	109
82	137
82	178
82	209
82	222
82	234
82	246
82	276
82	280
82	301
82	310
82	333
82	352
82	446
82	469
82	485
82	548
82	566
82	634
82	718
82	729
82	793
82	837
82	900
82	904
83	104
83	120
83	180
83	192
83	197
83	199
83	208
83	249
83	258
83	265
83	281
83	295
83	305
83	360
83	402
83	404
83	419
83	455
83	462
83	489
83	549
83	597
83	633
83	697
83	812
83	817
83	893
83	906
83	950
83	994
84	173
84	189
84	190
84	204
84	236
84	242
84	309
84	325
84	343
84	381
84	390
84	393
84	406
84	461
84	472
84	532
84	542
84	556
84	578
84	579
84	640
84	651
84	662
84	690
84	797
84	814
84	850
84	874
84	929
84	936
84	965
85	114
85	122
85	142
85	176
85	186
85	209
85	214
85	215
85	274
85	340
85	357
85	386
85	390
85	451
85	452
85	471
85	492
85	523
85	526
85	547
85	580
85	671
85	752
85	758
85	842
85	918
85	952
85	975
86	87
86	112
86	133
86	136
86	154
86	163
86	207
86	256
86	263
86	274
86	291
86	292
86	299
86	304
86	441
86	457
86	506
86	510
86	522
86	661
86	670
86	692
86	702
86	708
86	784
86	920
86	934
86	942
86	973
87	112
87	133
87	136
87	157
87	158
87	163
87	207
87	256
87	264
87	291
87	299
87	332
87	356
87	434
87	441
87	507
87	522
87	533
87	571
87	627
87	670
87	682
87	692
87	711
87	784
87	908
87	920
88	89
88	103
88	119
88	123
88	130
88	223
88	233
88	279
88	313
88	315
88	323
88	422
88	432
88	475
88	513
88	538
88	539
88	560
88	574
88	582
88	605
88	628
88	753
88	754
88	912
88	923
88	945
88	983
89	103
89	104
89	218
89	223
89	279
89	315
89	323
89	346
89	358
89	371
89	403
89	414
89	513
89	596
89	605
89	629
89	754
89	773
89	831
89	887
89	937
89	983
90	99
90	102
90	127
90	140
90	165
90	171
90	182
90	205
90	220
90	229
90	243
90	263
90	275
90	311
90	319
90	348
90	388
90	477
90	528
90	532
90	592
90	598
90	751
90	771
90	815
90	852
90	935
91	95
91	129
91	132
91	149
91	164
91	206
91	247
91	283
91	284
91	307
91	335
91	339
91	349
91	396
91	399
91	437
91	512
91	564
91	573
91	617
91	630
91	698
91	717
91	840
91	863
91	959
92	125
92	137
92	159
92	178
92	222
92	246
92	249
92	252
92	280
92	310
92	352
92	353
92	377
92	446
92	453
92	548
92	631
92	634
92	645
92	700
92	718
92	808
92	855
92	933
92	980
92	986
92	990
93	109
93	125
93	137
93	178
93	209
93	222
93	246
93	252
93	280
93	285
93	310
93	341
93	352
93	353
93	380
93	408
93	445
93	469
93	485
93	718
93	841
93	933
93	977
93	990
94	118
94	149
94	150
94	155
94	175
94	186
94	234
94	254
94	290
94	306
94	342
94	374
94	486
94	503
94	511
94	533
94	534
94	541
94	587
94	674
94	736
94	781
94	878
94	903
95	98
95	129
95	164
95	172
95	206
95	247
95	287
95	288
95	354
95	363
95	376
95	399
95	437
95	481
95	614
95	678
95	717
95	762
95	799
95	840
95	847
95	863
95	873
95	959
96	97
96	111
96	153
96	185
96	194
96	202
96	241
96	244
96	273
96	372
96	424
96	439
96	464
96	508
96	521
96	527
96	550
96	592
96	594
96	601
96	756
96	779
96	838
96	907
96	941
96	960
96	964
96	988
97	126
97	153
97	160
97	170
97	185
97	189
97	191
97	194
97	202
97	210
97	244
97	286
97	344
97	383
97	384
97	424
97	508
97	521
97	527
97	620
97	646
97	713
97	821
97	838
97	882
97	894
97	964
97	988
98	129
98	132
98	164
98	172
98	206
98	237
98	335
98	339
98	349
98	396
98	399
98	420
98	437
98	484
98	562
98	635
98	698
98	717
98	721
98	799
98	847
98	857
98	914
98	979
98	998
99	127
99	140
99	141
99	162
99	165
99	182
99	205
99	220
99	224
99	229
99	263
99	322
99	348
99	369
99	447
99	465
99	561
99	638
99	740
99	818
99	875
99	925
99	935
99	951
100	137
100	146
100	181
100	226
100	227
100	300
100	318
100	351
100	377
100	431
100	479
100	494
100	557
100	609
100	681
100	714
100	716
100	772
100	851
100	895
100	898
100	913
100	923
101	106
101	131
101	161
101	196
101	225
101	231
101	328
101	350
101	392
101	411
101	425
101	559
101	581
101	618
101	642
101	689
101	691
101	749
101	783
101	802
101	846
101	860
101	926
101	934
101	939
102	105
102	115
102	116
102	124
102	167
102	193
102	203
102	235
102	269
102	282
102	294
102	320
102	361
102	378
102	387
102	412
102	430
102	498
102	612
102	649
102	684
102	696
102	779
102	813
102	844
102	916
102	931
103	130
103	218
103	233
103	270
103	289
103	321
103	371
103	398
103	414
103	428
103	504
103	538
103	539
103	582
103	617
103	650
103	723
103	786
103	881
103	947
103	968
104	179
104	204
104	218
104	233
104	262
104	279
104	282
104	289
104	313
104	358
104	428
104	504
104	538
104	574
104	582
104	602
104	628
104	675
104	831
104	887
104	945
104	958
105	115
105	124
105	193
105	219
105	235
105	282
105	378
105	379
105	410
105	412
105	416
105	430
105	435
105	476
105	499
105	612
105	622
105	649
105	650
105	695
105	794
105	843
105	844
105	968
106	110
106	131
106	135
106	161
106	196
106	217
106	225
106	231
106	273
106	338
106	355
106	409
106	411
106	425
106	429
106	482
106	520
106	589
106	665
106	694
106	749
106	872
107	150
107	155
107	234
107	254
107	306
107	317
107	373
107	374
107	433
107	443
107	486
107	511
107	534
107	599
107	616
107	661
107	674
107	769
107	780
107	878
107	903
107	976
108	144
108	145
108	148
108	184
108	187
108	198
108	200
108	216
108	254
108	266
108	359
108	449
108	463
108	514
108	519
108	552
108	572
108	603
108	608
108	619
108	621
108	703
108	792
108	809
108	883
108	884
109	125
109	137
109	178
109	209
109	285
109	333
109	337
109	341
109	352
109	353
109	380
109	408
109	453
109	502
109	515
109	548
109	764
109	806
109	837
109	900
109	949
109	980
110	131
110	135
110	142
110	217
110	221
110	225
110	238
110	296
110	392
110	395
110	505
110	519
110	581
110	624
110	642
110	689
110	694
110	802
110	849
110	870
110	917
111	170
111	185
111	191
111	210
111	232
111	244
111	267
111	273
111	286
111	298
111	334
111	382
111	383
111	384
111	424
111	439
111	521
111	559
111	591
111	594
111	620
111	804
111	838
111	999
112	133
112	154
112	157
112	161
112	163
112	165
112	201
112	207
112	264
112	268
112	291
112	332
112	346
112	459
112	507
112	627
112	670
112	682
112	708
112	784
112	920
112	934
112	973
113	217
113	237
113	251
113	288
113	307
113	335
113	339
113	345
113	349
113	363
113	396
113	399
113	420
113	436
113	437
113	473
113	481
113	562
113	564
113	614
113	686
113	828
113	857
113	873
113	959
113	998
114	116
114	122
114	142
114	176
114	186
114	239
114	274
114	331
114	367
114	386
114	421
114	452
114	463
114	471
114	671
114	673
114	706
114	774
114	777
114	820
114	871
114	981
115	116
115	124
115	167
115	193
115	203
115	219
115	235
115	320
115	379
115	387
115	422
115	435
115	495
115	536
115	550
115	611
115	612
115	641
115	666
115	684
115	734
115	759
115	827
115	850
116	124
116	167
116	203
116	219
116	235
116	287
116	320
116	361
116	378
116	387
116	412
116	435
116	499
116	536
116	612
116	696
116	759
116	773
116	854
116	927
116	931
117	151
117	179
117	233
117	244
117	257
117	262
117	279
117	280
117	313
117	323
117	375
117	398
117	413
117	428
117	474
117	513
117	574
117	602
117	617
117	687
117	856
117	861
117	881
117	956
118	150
118	234
118	254
118	261
118	277
118	373
118	374
118	385
118	400
118	432
118	440
118	443
118	489
118	511
118	606
118	643
118	658
118	674
118	787
118	944
118	967
119	123
119	151
119	257
119	262
119	270
119	298
119	323
119	371
119	513
119	539
119	586
119	590
119	607
119	621
119	675
119	687
119	723
119	728
119	945
119	956
120	180
120	192
120	199
120	208
120	211
120	281
120	290
120	295
120	360
120	404
120	427
120	450
120	457
120	478
120	516
120	546
120	633
120	638
120	653
120	667
120	697
120	727
120	738
120	823
120	879
121	143
121	240
121	255
121	272
121	303
121	321
121	327
121	350
121	380
121	448
121	466
121	468
121	488
121	506
121	545
121	551
121	685
121	732
121	761
121	775
121	788
121	803
121	859
121	867
121	872
121	963
121	978
122	142
122	186
122	214
122	239
122	274
122	324
122	330
122	418
122	421
122	451
122	491
122	492
122	541
122	623
122	683
122	750
122	758
122	808
122	842
122	871
122	887
122	910
122	954
123	179
123	223
123	231
123	233
123	257
123	315
123	337
123	371
123	403
123	432
123	474
123	513
123	539
123	543
123	733
123	753
123	754
123	837
123	852
123	885
123	956
123	997
124	152
124	177
124	203
124	219
124	235
124	269
124	282
124	294
124	379
124	387
124	410
124	412
124	435
124	498
124	724
124	734
124	794
124	813
124	844
125	137
125	178
125	209
125	216
125	352
125	353
125	370
125	392
125	453
125	469
125	634
125	718
125	725
125	830
125	845
125	901
125	904
125	921
125	990
126	153
126	185
126	191
126	194
126	232
126	241
126	286
126	287
126	335
126	337
126	372
126	384
126	439
126	460
126	476
126	496
126	501
126	559
126	570
126	594
126	620
126	756
126	907
127	128
127	140
127	162
127	165
127	182
127	205
127	224
127	229
127	275
127	311
127	319
127	322
127	532
127	600
127	833
127	863
127	868
127	875
127	902
128	134
128	139
128	147
128	152
128	156
128	169
128	174
128	178
128	195
128	212
128	213
128	245
128	248
128	259
128	297
128	568
128	584
128	720
128	751
128	816
128	953
129	149
129	206
129	237
129	247
129	270
129	283
129	287
129	307
129	335
129	354
129	473
129	562
129	614
129	630
129	762
129	799
129	810
129	847
129	970
130	159
130	179
130	218
130	233
130	257
130	279
130	298
130	315
130	403
130	467
130	475
130	480
130	543
130	604
130	628
130	652
130	788
130	861
130	886
130	912
130	945
131	135
131	221
131	231
131	328
131	338
131	392
131	395
131	498
131	520
131	569
131	577
131	581
131	665
131	746
131	749
131	766
131	783
131	860
131	892
131	958
132	149
132	164
132	172
132	237
132	247
132	307
132	329
132	339
132	345
132	363
132	376
132	396
132	398
132	420
132	465
132	499
132	512
132	564
132	614
132	635
132	669
132	762
132	847
132	857
133	136
133	154
133	157
133	201
133	207
133	250
133	256
133	260
133	264
133	268
133	291
133	292
133	299
133	332
133	544
133	571
133	744
133	748
133	866
133	928
134	136
134	139
134	147
134	152
134	195
134	213
134	225
134	248
134	297
134	316
134	366
134	389
134	391
134	490
134	568
134	584
134	615
134	651
134	773
134	889
134	1000
135	161
135	217
135	221
135	225
135	238
135	328
135	338
135	388
135	395
135	425
135	429
135	482
135	569
135	577
135	589
135	657
135	689
135	849
135	870
135	967
135	994
136	154
136	185
136	253
136	256
136	260
136	268
136	292
136	304
136	356
136	407
136	412
136	417
136	444
136	507
136	522
136	627
136	644
136	661
136	768
136	908
136	962
137	178
137	222
137	246
137	252
137	310
137	370
137	380
137	485
137	631
137	712
137	715
137	767
137	783
137	793
137	900
137	977
137	986
138	146
138	181
138	187
138	226
138	308
138	318
138	336
138	431
138	456
138	494
138	518
138	576
138	609
138	681
138	693
138	714
138	848
138	895
138	913
138	985
139	152
139	169
139	195
139	213
139	259
139	316
139	362
139	368
139	426
139	449
139	454
139	531
139	568
139	654
139	701
139	720
139	816
139	941
140	141
140	162
140	165
140	171
140	182
140	217
140	248
140	322
140	415
140	458
140	477
140	598
140	600
140	771
140	776
140	868
140	883
140	925
140	951
141	148
141	162
141	165
141	171
141	182
141	205
141	220
141	224
141	229
141	263
141	343
141	348
141	388
141	415
141	429
141	458
141	477
141	740
141	771
141	833
141	852
142	216
142	262
142	274
142	330
142	331
142	421
142	442
142	471
142	523
142	541
142	580
142	671
142	750
142	774
142	803
142	842
142	853
142	981
143	158
143	168
143	226
143	228
143	321
143	324
143	350
143	397
143	448
143	466
143	489
143	500
143	545
143	567
143	685
143	709
143	732
143	761
143	803
143	807
143	841
143	862
143	899
143	930
144	145
144	148
144	166
144	187
144	198
144	230
144	266
144	271
144	312
144	517
144	519
144	529
144	553
144	585
144	621
144	648
144	792
144	801
144	819
144	910
144	957
145	148
145	184
145	196
145	230
145	257
145	266
145	312
145	359
145	449
145	588
145	603
145	621
145	700
145	719
145	741
145	742
145	792
145	819
145	864
145	883
146	188
146	226
146	308
146	351
146	479
146	494
146	524
146	576
146	632
146	655
146	791
146	811
146	869
146	895
146	984
146	985
146	989
147	169
147	174
147	179
147	259
147	316
147	362
147	366
147	368
147	445
147	531
147	584
147	601
147	724
147	816
147	822
147	857
147	858
147	995
148	166
148	187
148	200
148	271
148	312
148	359
148	514
148	519
148	553
148	554
148	574
148	585
148	603
148	608
148	719
148	778
148	819
148	891
149	164
149	172
149	247
149	307
149	345
149	354
149	373
149	376
149	436
149	481
149	484
149	564
149	573
149	630
149	710
149	721
149	979
149	998
150	234
150	261
150	306
150	314
150	342
150	385
150	400
150	433
150	534
150	606
150	680
150	727
150	829
150	878
150	917
150	967
151	179
151	261
151	270
151	398
151	414
151	480
151	524
151	602
151	607
151	617
151	687
151	723
151	733
151	753
151	790
151	881
151	958
152	156
152	169
152	174
152	297
152	316
152	389
152	391
152	615
152	681
152	701
152	778
152	916
152	940
152	946
152	953
152	995
153	191
153	194
153	372
153	382
153	383
153	384
153	394
153	439
153	447
153	460
153	508
153	521
153	527
153	565
153	657
153	664
153	756
153	882
153	894
154	174
154	250
154	253
154	256
154	264
154	407
154	434
154	459
154	510
154	544
154	571
154	670
154	708
154	711
154	748
154	768
154	866
154	928
155	285
155	290
155	314
155	317
155	400
155	443
155	511
155	656
155	663
155	668
155	680
155	727
155	736
155	781
155	826
155	873
155	944
156	174
156	195
156	212
156	213
156	245
156	248
156	278
156	316
156	368
156	445
156	491
156	651
156	720
156	724
156	789
156	922
156	953
156	988
157	163
157	250
157	253
157	256
157	264
157	268
157	291
157	326
157	346
157	358
157	417
157	441
157	702
157	711
157	748
157	768
157	832
157	928
157	934
157	971
158	228
158	240
158	255
158	272
158	303
158	321
158	350
158	464
158	468
158	551
158	555
158	567
158	637
158	672
158	705
158	732
158	757
158	827
158	862
158	963
158	978
159	222
159	246
159	252
159	276
159	301
159	310
159	333
159	341
159	352
159	370
159	396
159	408
159	453
159	645
159	767
159	793
159	806
159	839
159	901
159	949
159	980
160	191
160	202
160	273
160	278
160	293
160	334
160	372
160	382
160	394
160	401
160	460
160	496
160	527
160	537
160	559
160	745
160	770
160	821
160	897
160	904
160	919
161	222
161	225
161	231
161	296
161	338
161	353
161	395
161	429
161	520
161	569
161	581
161	618
161	659
161	691
161	722
161	749
161	917
161	961
162	165
162	171
162	182
162	220
162	246
162	263
162	319
162	322
162	363
162	465
162	477
162	528
162	532
162	595
162	764
162	876
163	207
163	253
163	264
163	291
163	299
163	304
163	332
163	346
163	507
163	644
163	661
163	682
163	692
163	711
163	962
163	963
163	965
164	172
164	206
164	284
164	329
164	345
164	346
164	354
164	363
164	376
164	396
164	710
164	717
164	721
164	751
164	828
164	857
164	890
165	171
165	182
165	224
165	243
165	262
165	263
165	319
165	322
165	415
165	458
165	528
165	776
165	815
165	833
165	982
166	200
166	230
166	514
166	529
166	553
166	572
166	588
166	619
166	639
166	648
166	719
166	742
166	819
166	824
166	884
166	891
166	893
167	168
167	177
167	193
167	219
167	269
167	282
167	294
167	416
167	430
167	622
167	641
167	666
167	734
167	786
167	843
167	844
167	915
167	955
168	240
168	255
168	321
168	324
168	438
168	448
168	464
168	709
168	739
168	775
168	782
168	788
168	803
168	827
168	841
168	859
168	862
168	867
168	952
168	973
169	174
169	236
169	316
169	343
169	368
169	391
169	454
169	531
169	593
169	701
169	816
169	889
169	946
169	1000
170	185
170	244
170	293
170	382
170	383
170	394
170	439
170	501
170	521
170	530
170	594
170	745
170	756
170	765
170	779
170	882
170	903
171	182
171	205
171	220
171	224
171	229
171	243
171	311
171	348
171	388
171	415
171	833
171	868
171	950
171	972
172	188
172	247
172	283
172	287
172	288
172	436
172	562
172	635
172	669
172	698
172	828
172	840
172	847
172	857
172	998
173	183
173	189
173	190
173	242
173	335
173	343
173	406
173	423
173	472
173	509
173	551
173	578
173	579
173	583
173	610
173	662
173	743
173	797
173	834
173	936
174	195
174	212
174	245
174	271
174	297
174	368
174	389
174	454
174	490
174	720
174	816
174	916
174	1000
175	261
175	277
175	290
175	314
175	342
175	374
175	433
175	440
175	606
175	616
175	643
175	674
175	736
175	769
175	781
176	214
176	215
176	216
176	334
176	340
176	418
176	427
176	442
176	491
176	492
176	523
176	560
176	580
176	777
176	808
176	842
176	853
176	993
177	203
177	235
177	282
177	387
177	410
177	422
177	430
177	611
177	627
177	647
177	741
177	759
177	795
177	843
177	880
177	911
177	915
178	202
178	252
178	280
178	333
178	352
178	470
178	485
178	487
178	526
178	767
178	793
178	845
178	933
179	223
179	262
179	289
179	323
179	413
179	414
179	432
179	467
179	604
179	785
179	861
179	887
179	912
180	192
180	197
180	258
180	295
180	305
180	360
180	402
180	405
180	450
180	478
180	546
180	638
180	654
180	679
180	737
180	805
180	950
180	994
180	999
181	226
181	300
181	370
181	393
181	431
181	479
181	524
181	557
181	576
181	655
181	681
181	699
181	726
181	865
181	984
182	224
182	229
182	263
182	275
182	316
182	342
182	477
182	532
182	598
182	740
182	875
182	902
183	189
183	190
183	207
183	236
183	309
183	325
183	381
183	408
183	497
183	542
183	578
183	579
183	613
183	625
183	636
183	660
183	747
183	814
183	836
183	877
184	187
184	200
184	225
184	230
184	271
184	302
184	514
184	519
184	554
184	585
184	608
184	621
184	742
184	824
184	825
184	870
185	210
185	326
185	382
185	384
185	439
185	496
185	508
185	570
185	592
185	829
185	894
185	941
185	964
186	215
186	216
186	311
186	330
186	421
186	452
186	492
186	523
186	673
186	706
186	871
186	954
186	975
186	981
187	200
187	312
187	483
187	514
187	588
187	619
187	703
187	719
187	765
187	778
187	848
187	905
187	910
187	996
188	226
188	233
188	308
188	518
188	535
188	693
188	699
188	726
188	772
188	811
188	895
188	898
188	913
188	985
188	989
189	190
189	251
189	393
189	435
189	472
189	493
189	525
189	610
189	755
189	814
189	834
189	850
189	874
189	877
189	914
189	936
189	965
190	204
190	236
190	251
190	323
190	325
190	343
190	393
190	461
190	542
190	578
190	583
190	613
190	662
190	834
190	836
190	879
190	936
191	194
191	273
191	278
191	326
191	366
191	383
191	384
191	448
191	460
191	620
191	664
191	770
191	804
191	821
192	197
192	199
192	208
192	211
192	258
192	281
192	305
192	404
192	419
192	516
192	549
192	651
192	738
192	744
192	763
192	823
192	879
193	199
193	203
193	219
193	282
193	379
193	416
193	435
193	622
193	649
193	650
193	666
193	759
193	843
193	955
194	232
194	241
194	244
194	267
194	394
194	479
194	501
194	592
194	646
194	713
194	745
194	804
194	829
194	860
194	894
195	212
195	248
195	273
195	362
195	366
195	490
195	568
195	601
195	602
195	916
195	937
195	940
195	946
196	217
196	221
196	260
196	338
196	409
196	425
196	552
196	569
196	577
196	610
196	689
196	691
196	917
196	961
197	208
197	211
197	249
197	258
197	265
197	295
197	348
197	427
197	450
197	516
197	549
197	558
197	638
197	643
197	686
197	823
197	893
197	950
198	302
198	463
198	500
198	517
198	529
198	540
198	554
198	575
198	619
198	703
198	765
198	793
198	809
198	825
198	948
199	208
199	249
199	258
199	265
199	307
199	419
199	462
199	546
199	558
199	597
199	653
199	697
199	735
199	738
199	763
199	879
199	994
200	215
200	230
200	266
200	302
200	309
200	449
200	463
200	603
200	639
200	741
200	778
200	791
200	819
200	824
200	883
200	996
201	207
201	250
201	253
201	260
201	264
201	291
201	292
201	299
201	332
201	407
201	459
201	506
201	510
201	544
201	616
201	627
201	766
201	798
201	942
202	210
202	232
202	244
202	267
202	286
202	326
202	344
202	383
202	394
202	476
202	527
202	537
202	565
202	620
202	896
203	235
203	269
203	378
203	379
203	412
203	422
203	684
203	695
203	696
203	706
203	734
203	794
203	843
204	236
204	251
204	381
204	393
204	423
204	472
204	493
204	509
204	542
204	640
204	660
204	690
204	747
204	797
204	814
204	834
204	844
204	936
205	232
205	263
205	275
205	311
205	319
205	459
205	465
205	528
205	561
205	595
205	600
205	764
205	771
205	834
206	237
206	247
206	284
206	287
206	307
206	335
206	382
206	396
206	502
206	635
206	762
206	840
206	847
206	919
207	260
207	264
207	291
207	346
207	417
207	434
207	506
207	544
207	549
207	708
207	711
207	748
207	784
207	832
208	211
208	249
208	281
208	295
208	305
208	419
208	478
208	558
208	597
208	638
208	697
208	707
208	732
208	763
208	812
208	996
209	222
209	252
209	276
209	301
209	370
209	408
209	470
209	502
209	729
209	845
209	933
209	949
210	232
210	241
210	277
210	286
210	322
210	326
210	327
210	372
210	424
210	447
210	537
210	591
210	664
210	720
210	770
210	907
211	258
211	305
211	404
211	462
211	516
211	549
211	597
211	605
211	653
211	735
211	738
211	744
211	781
211	805
211	893
211	906
211	950
212	245
212	248
212	297
212	362
212	366
212	368
212	389
212	478
212	490
212	601
212	620
212	654
212	720
212	760
212	822
213	245
213	248
213	368
213	391
213	454
213	461
213	601
213	701
213	822
213	889
213	933
213	978
214	215
214	239
214	274
214	331
214	338
214	340
214	386
214	418
214	580
214	683
214	808
214	952
214	993
215	216
215	239
215	274
215	330
215	367
215	386
215	418
215	442
215	706
215	871
215	918
215	975
215	993
216	218
216	239
216	330
216	367
216	451
216	452
216	491
216	541
216	671
216	683
216	758
216	777
216	820
217	225
217	231
217	552
217	589
217	624
217	722
217	802
217	839
217	849
217	917
218	257
218	262
218	474
218	596
218	666
218	728
218	753
218	785
218	886
218	932
218	983
218	991
219	282
219	379
219	387
219	400
219	412
219	415
219	430
219	499
219	641
219	650
219	794
219	880
219	927
220	260
220	263
220	275
220	322
220	431
220	458
220	595
220	776
220	818
220	902
220	943
220	951
221	225
221	267
221	296
221	355
221	482
221	505
221	577
221	624
221	640
221	642
221	783
221	849
221	926
221	939
222	246
222	469
222	485
222	487
222	526
222	566
222	631
222	645
222	712
222	718
222	871
222	904
223	298
223	398
223	413
223	480
223	574
223	652
223	671
223	790
223	878
223	897
223	997
224	229
224	415
224	458
224	465
224	532
224	561
224	764
224	852
224	925
224	943
225	231
225	411
225	425
225	505
225	577
225	694
225	870
225	926
226	227
226	300
226	308
226	351
226	472
226	518
226	524
226	557
226	655
226	716
226	791
226	969
227	259
227	300
227	308
227	318
227	336
227	375
227	456
227	479
227	655
227	865
227	923
227	969
228	240
228	272
228	303
228	314
228	397
228	466
228	488
228	555
228	632
228	672
228	732
228	761
228	788
228	803
228	807
228	817
228	978
229	243
229	263
229	348
229	361
229	388
229	764
229	818
229	951
230	266
230	271
230	302
230	312
230	514
230	529
230	540
230	572
230	621
230	680
230	704
230	948
231	328
231	355
231	385
231	395
231	411
231	425
231	552
231	577
231	657
231	665
231	694
231	870
232	244
232	273
232	278
232	347
232	372
232	424
232	496
232	508
232	550
232	646
232	829
232	896
233	257
233	262
233	289
233	298
233	315
233	358
233	466
233	543
233	582
233	605
233	968
233	974
234	261
234	342
234	364
234	374
234	433
234	440
234	486
234	515
234	520
234	616
234	656
234	787
234	826
234	967
235	320
235	378
235	422
235	495
235	498
235	611
235	641
235	645
235	696
235	795
235	931
236	242
236	251
236	283
236	390
236	393
236	406
236	493
236	497
236	542
236	556
236	578
236	613
236	625
236	660
236	929
237	247
237	269
237	284
237	335
237	354
237	573
237	698
237	717
237	721
237	762
237	810
237	890
238	292
238	296
238	338
238	392
238	431
238	552
238	691
238	722
238	766
238	802
238	846
238	892
238	917
238	924
238	939
239	274
239	331
239	340
239	367
239	442
239	451
239	547
239	615
239	774
239	777
239	975
239	993
240	350
240	466
240	551
240	672
240	685
240	709
240	775
240	782
240	788
240	807
240	841
240	899
240	963
241	267
241	273
241	327
241	334
241	382
241	384
241	424
241	508
241	527
241	907
241	964
241	999
242	251
242	309
242	343
242	381
242	423
242	472
242	509
242	556
242	610
242	613
242	625
242	662
242	690
242	763
242	797
242	835
243	263
243	275
243	311
243	369
243	528
243	561
243	815
243	852
243	876
243	982
243	998
244	278
244	334
244	347
244	384
244	447
244	476
244	496
244	501
244	527
244	550
244	941
245	259
245	297
245	362
245	366
245	445
245	539
245	601
245	720
245	773
245	922
245	940
245	946
246	252
246	377
246	408
246	566
246	715
246	830
246	904
246	933
247	284
247	287
247	369
247	376
247	399
247	437
247	606
247	710
247	840
247	847
247	863
248	259
248	297
248	316
248	362
248	568
248	626
248	773
248	822
248	858
248	946
248	1000
249	265
249	281
249	305
249	405
249	427
249	462
249	546
249	697
249	737
249	738
249	906
249	925
249	970
249	994
250	253
250	256
250	264
250	268
250	299
250	417
250	434
250	441
250	459
250	507
250	518
250	522
250	934
250	973
251	390
251	461
251	493
251	509
251	525
251	610
251	613
251	641
251	660
251	690
251	836
251	874
251	909
252	276
252	308
252	310
252	352
252	370
252	408
252	526
252	566
252	645
252	806
252	987
252	990
253	304
253	346
253	417
253	434
253	444
253	459
253	522
253	597
253	682
253	702
253	708
253	866
254	277
254	290
254	306
254	342
254	440
254	483
254	533
254	534
254	606
254	663
254	801
254	878
255	272
255	324
255	332
255	350
255	448
255	488
255	551
255	567
255	637
255	685
255	705
255	739
255	782
255	867
255	947
256	332
256	417
256	434
256	506
256	522
256	530
256	627
256	798
256	866
256	928
257	262
257	270
257	365
257	596
257	835
257	885
257	971
258	265
258	288
258	360
258	405
258	419
258	455
258	457
258	489
258	558
258	638
258	667
258	970
259	297
259	391
259	445
259	454
259	490
259	584
259	751
259	816
259	889
259	922
260	264
260	292
260	304
260	434
260	444
260	507
260	644
260	682
260	784
260	866
260	928
260	973
261	306
261	440
261	443
261	483
261	511
261	668
261	727
262	279
262	403
262	432
262	475
262	586
262	790
262	856
262	971
263	309
263	311
263	764
263	951
264	292
264	417
264	655
264	661
264	768
264	832
264	921
264	928
265	360
265	401
265	404
265	419
265	445
265	457
265	478
265	597
265	633
265	679
265	686
265	707
265	763
266	271
266	279
266	302
266	359
266	514
266	554
266	639
266	765
266	905
266	938
266	943
266	948
267	293
267	326
267	327
267	334
267	344
267	401
267	460
267	474
267	664
267	779
267	829
267	960
267	964
268	292
268	299
268	346
268	356
268	407
268	441
268	592
268	702
268	708
268	711
268	866
268	908
268	928
269	282
269	320
269	321
269	361
269	499
269	641
269	647
269	695
269	734
269	794
269	795
270	315
270	323
270	475
270	582
270	607
270	675
270	733
270	790
270	897
270	945
270	968
271	312
271	529
271	572
271	639
271	648
271	809
271	884
271	901
271	910
272	321
272	324
272	468
272	555
272	567
272	685
272	757
272	782
272	803
272	846
272	867
272	899
272	963
273	278
273	293
273	347
273	424
273	447
273	501
273	537
273	592
273	804
273	999
274	330
274	367
274	418
274	560
274	671
274	777
274	918
275	322
275	369
275	446
275	465
275	532
275	600
275	740
275	776
275	815
275	829
275	982
276	285
276	341
276	470
276	575
276	631
276	634
276	715
276	729
276	806
276	933
276	990
277	366
277	400
277	443
277	515
277	533
277	563
277	599
277	643
277	736
277	800
278	372
278	382
278	383
278	401
278	447
278	476
278	565
278	570
278	591
278	677
278	896
279	337
279	413
279	414
279	543
279	607
279	754
279	932
279	937
279	968
280	285
280	341
280	380
280	469
280	485
280	502
280	566
280	729
280	753
280	806
280	830
280	900
280	904
281	295
281	369
281	405
281	419
281	450
281	457
281	516
281	546
281	633
281	653
281	723
281	744
281	805
282	387
282	416
282	495
282	684
282	696
282	795
282	854
282	995
283	284
283	307
283	335
283	376
283	437
283	473
283	669
283	717
283	760
283	828
283	919
284	288
284	329
284	335
284	339
284	420
284	437
284	533
284	614
284	698
284	708
285	310
285	333
285	352
285	377
285	380
285	487
285	529
285	700
285	729
286	293
286	339
286	382
286	496
286	508
286	527
286	530
286	592
286	713
286	838
286	867
287	354
287	376
287	473
287	484
287	512
287	562
287	564
287	573
287	717
287	828
288	329
288	335
288	354
288	573
288	669
288	698
288	762
288	785
288	840
288	919
288	979
289	329
289	413
289	605
289	617
289	629
289	861
289	887
289	955
289	971
289	997
290	374
290	385
290	511
290	545
290	599
290	616
290	643
290	663
290	826
290	967
291	304
291	346
291	356
291	506
291	692
291	768
291	805
291	942
291	991
292	346
292	434
292	441
292	544
292	644
292	661
292	670
292	702
292	784
293	326
293	334
293	347
293	496
293	530
293	550
293	594
293	713
293	756
293	804
293	907
294	361
294	412
294	435
294	495
294	499
294	631
294	697
294	759
294	794
294	813
294	911
294	931
295	365
295	455
295	462
295	489
295	638
295	686
295	805
295	823
295	893
295	970
296	404
296	505
296	552
296	659
296	665
296	746
296	961
296	992
297	366
297	378
297	426
297	531
297	571
297	651
297	789
297	916
298	337
298	354
298	358
298	398
298	474
298	538
298	574
298	607
298	628
298	652
298	945
298	983
299	304
299	407
299	441
299	444
299	459
299	510
299	571
299	637
299	644
299	711
299	926
300	479
300	492
300	609
300	677
300	681
300	714
300	731
301	310
301	370
301	377
301	446
301	485
301	526
301	547
301	548
301	575
301	613
301	634
301	712
301	715
301	901
302	312
302	463
302	482
302	500
302	648
302	719
302	730
302	819
302	825
303	350
303	438
303	466
303	551
303	555
303	659
303	709
303	739
303	757
303	775
303	807
303	859
303	888
303	899
303	966
304	356
304	506
304	522
304	600
304	784
304	832
304	908
304	934
304	942
305	360
305	419
305	455
305	478
305	549
305	558
305	633
305	686
305	763
305	812
305	906
306	317
306	342
306	374
306	433
306	515
306	606
306	674
306	800
307	329
307	335
307	363
307	376
307	513
307	635
307	863
307	959
308	318
308	336
308	456
308	518
308	524
308	714
308	731
308	975
309	461
309	472
309	493
309	525
309	578
309	610
309	625
309	678
309	743
309	747
309	755
309	814
309	836
309	965
310	526
310	634
310	673
310	688
310	704
310	715
310	718
311	388
311	477
311	561
311	598
311	600
311	818
311	852
312	540
312	742
312	883
312	996
313	398
313	403
313	543
313	629
313	754
313	784
313	881
313	885
313	932
313	997
314	342
314	364
314	385
314	483
314	503
314	534
314	563
314	606
314	658
314	680
314	987
315	413
315	513
315	572
315	596
315	617
315	723
315	770
316	362
316	568
316	724
316	773
316	940
317	342
317	563
317	587
317	599
317	606
317	643
317	787
317	800
317	826
317	935
317	944
318	375
318	455
318	456
318	479
318	535
318	609
318	716
318	895
319	414
319	458
319	532
319	595
319	598
319	902
319	935
320	340
320	379
320	410
320	416
320	430
320	612
320	649
320	795
320	854
321	350
321	438
321	464
321	551
321	555
321	567
321	637
321	739
321	775
321	930
322	512
322	598
322	771
322	815
322	875
322	876
323	413
323	628
323	675
323	679
323	881
323	912
324	397
324	438
324	488
324	545
324	632
324	739
324	757
324	761
324	775
324	872
325	343
325	390
325	406
325	461
325	496
325	579
325	640
325	755
325	797
325	814
325	877
325	929
326	384
326	401
326	460
326	521
326	550
326	591
326	620
326	829
326	988
327	344
327	384
327	394
327	559
327	664
327	713
327	745
327	882
327	941
327	960
328	338
328	409
328	425
328	505
328	624
328	749
328	752
328	783
328	839
328	855
328	926
328	992
329	349
329	436
329	473
329	481
329	512
329	698
329	721
329	767
329	863
329	998
330	386
330	490
330	491
330	492
330	547
330	580
330	812
330	842
330	993
331	367
331	418
331	442
331	451
331	452
331	471
331	491
331	623
331	833
331	954
332	356
332	407
332	441
332	444
332	507
332	748
332	821
332	832
333	370
333	399
333	487
333	725
333	904
333	938
333	949
333	977
333	986
334	344
334	347
334	384
334	476
334	521
334	559
334	730
334	779
334	941
335	473
335	573
335	717
335	810
335	979
336	375
336	424
336	431
336	504
336	557
336	791
336	869
336	966
336	985
337	358
337	365
337	432
337	539
337	586
337	605
337	617
337	652
337	831
337	937
338	392
338	505
338	581
338	618
338	657
338	691
338	746
339	345
339	349
339	363
339	399
339	484
339	582
339	857
339	890
339	959
340	357
340	386
340	491
340	541
340	676
340	683
340	752
340	808
340	820
341	485
341	487
341	700
341	715
341	725
341	901
341	921
341	980
341	986
342	373
342	393
342	443
342	727
342	801
343	461
343	497
343	556
343	583
343	613
343	834
343	877
343	909
343	965
344	347
344	397
344	496
344	521
344	565
344	570
344	664
344	713
344	770
344	876
345	436
345	573
345	614
345	630
345	648
345	710
345	838
345	840
346	522
346	670
346	682
346	768
346	798
347	383
347	447
347	496
347	527
347	530
347	550
347	728
347	821
347	829
348	369
348	415
348	462
348	528
348	595
348	598
348	764
348	868
348	925
349	396
349	399
349	473
349	512
349	564
349	630
349	679
349	857
349	998
350	448
350	632
350	705
350	757
350	803
350	862
350	888
351	375
351	557
351	593
351	609
351	655
351	726
351	791
351	851
351	984
351	989
352	446
352	469
352	502
352	526
352	575
352	806
353	469
353	502
353	548
353	693
353	718
353	904
353	980
354	473
354	484
354	562
354	828
355	505
355	520
355	555
355	642
355	665
355	689
355	694
355	783
355	802
355	839
355	860
356	494
356	522
356	562
356	571
356	627
356	708
356	798
356	962
357	421
357	442
357	471
357	560
357	623
357	752
357	774
357	808
357	820
357	900
358	414
358	467
358	574
358	590
358	602
358	652
358	723
359	519
359	523
359	621
359	626
359	741
359	742
359	792
359	825
359	864
359	996
360	404
360	427
360	516
360	667
360	679
360	744
360	906
361	495
361	499
361	611
361	647
361	649
361	666
361	684
361	844
361	880
361	915
362	454
362	531
362	614
362	651
362	889
363	376
363	436
363	614
363	635
363	710
363	810
364	373
364	374
364	483
364	511
364	534
364	587
364	616
364	680
364	769
364	780
364	826
364	849
365	403
365	467
365	480
365	538
365	687
365	691
365	733
365	897
365	937
366	593
366	789
366	953
367	451
367	580
367	623
367	750
367	842
367	932
367	954
367	964
368	445
368	654
368	703
368	940
368	953
369	388
369	415
369	458
369	528
369	532
369	776
369	925
369	943
370	380
370	408
370	446
370	712
370	725
370	729
370	767
371	403
371	432
371	474
371	475
371	605
371	785
371	831
371	875
372	501
372	565
372	570
372	701
372	821
372	882
372	988
373	433
373	563
373	674
373	680
373	769
373	800
373	896
373	976
374	483
374	533
374	587
374	668
374	944
375	557
375	772
375	811
375	825
375	851
375	966
376	420
376	437
376	481
376	890
377	468
377	487
377	526
377	712
377	767
377	793
377	830
378	412
378	430
378	435
378	495
378	498
378	612
378	622
378	641
378	794
378	813
379	422
379	450
379	647
379	748
379	795
379	880
379	927
380	487
380	712
380	715
380	901
381	390
381	423
381	509
381	579
381	629
381	636
381	660
381	662
381	690
381	755
381	797
382	501
382	565
382	756
383	477
383	537
383	550
383	559
383	594
383	770
384	439
384	592
384	630
385	443
385	486
385	616
385	668
385	680
385	727
385	787
386	418
386	442
386	448
386	580
386	673
386	758
386	820
387	410
387	478
387	495
387	521
387	695
387	696
388	415
388	584
388	740
388	943
389	391
389	490
389	523
389	531
389	568
389	593
389	720
389	822
389	940
390	406
390	509
390	525
390	579
390	636
390	797
390	834
390	874
391	454
391	531
391	615
391	707
391	953
392	411
392	417
392	425
392	520
392	577
392	581
392	659
392	926
393	472
393	525
393	542
393	556
393	636
393	755
393	850
394	401
394	439
394	530
394	537
394	556
394	565
394	713
394	770
395	482
395	520
395	618
395	624
396	512
396	635
396	688
396	863
396	919
397	448
397	466
397	468
397	497
397	567
397	637
397	672
397	732
397	761
397	827
398	504
398	861
398	968
399	481
399	573
399	717
399	762
399	810
399	890
400	417
400	486
400	599
400	658
400	668
400	826
401	476
401	508
401	559
401	565
401	713
401	988
401	999
402	404
402	455
402	457
402	525
402	546
402	633
402	653
402	679
402	737
402	893
402	946
402	970
403	474
403	504
403	723
403	728
403	887
403	983
404	405
404	427
404	618
404	686
404	697
404	879
405	427
405	450
405	455
405	457
405	462
405	558
405	676
405	696
405	737
406	493
406	525
406	551
406	578
406	610
406	636
406	690
406	796
406	814
406	835
407	444
407	661
407	692
407	748
407	784
407	962
408	453
408	487
408	502
408	688
408	845
408	855
408	921
409	425
409	429
409	589
409	689
409	746
409	939
410	412
410	422
410	430
410	696
410	726
410	927
411	429
411	552
411	642
411	687
411	722
412	498
412	734
412	891
413	504
413	538
413	699
413	786
413	881
413	885
414	480
414	543
414	894
414	958
414	971
415	458
415	771
416	422
416	438
416	612
416	647
416	666
416	695
417	510
417	670
417	708
417	866
418	452
418	541
418	758
418	808
418	981
419	457
419	487
419	558
419	707
419	823
420	501
420	721
420	810
420	828
420	979
421	442
421	492
421	673
421	952
421	993
422	435
422	498
422	684
422	911
423	461
423	556
423	678
423	743
423	771
423	874
423	909
423	929
423	936
424	527
424	592
424	594
424	737
424	745
424	770
425	482
425	746
425	917
425	989
426	568
426	615
426	649
426	664
426	701
426	751
426	773
426	916
427	549
427	653
427	679
427	686
427	812
427	950
428	480
428	554
428	582
428	629
428	785
428	786
428	897
428	974
429	642
429	766
429	846
429	892
429	924
430	498
430	649
430	650
430	696
430	749
431	716
431	772
431	898
432	538
432	628
432	728
432	785
433	503
433	534
433	563
433	587
433	663
433	944
434	459
434	510
434	681
434	962
435	499
435	684
435	813
435	931
436	473
436	614
436	669
436	686
436	710
436	810
437	512
437	581
437	630
438	466
438	637
438	672
438	757
438	761
438	803
438	880
438	930
439	460
439	508
439	591
439	641
439	756
440	443
440	515
440	534
440	658
440	663
440	780
440	787
440	878
441	481
441	510
441	544
441	661
442	523
442	591
442	993
443	483
443	511
443	587
443	588
444	459
444	506
444	507
444	510
444	538
444	544
444	768
445	720
445	789
446	453
446	470
446	487
446	712
446	725
446	793
447	530
447	559
447	804
447	821
447	896
447	941
448	468
448	488
448	555
448	567
448	775
449	519
449	553
449	572
449	792
449	824
450	489
450	516
450	546
450	679
450	737
450	763
450	970
451	547
451	558
451	752
451	774
451	853
451	952
452	750
452	918
452	954
452	975
453	575
453	729
453	949
453	980
454	584
454	760
455	478
455	516
455	597
455	633
455	812
455	957
455	994
456	494
456	677
456	762
456	923
456	989
457	558
457	653
457	667
457	697
457	744
457	758
457	805
458	477
458	532
458	694
458	764
459	544
459	644
459	798
459	832
459	908
459	920
460	521
460	530
460	537
460	941
460	960
461	493
461	608
461	640
461	690
461	914
461	965
462	546
462	549
462	653
462	735
462	823
463	517
463	585
463	588
463	626
463	738
463	891
463	957
463	996
464	551
464	555
464	705
464	788
464	807
464	827
464	867
464	899
464	930
465	595
465	598
465	600
465	776
465	804
465	875
465	902
466	506
466	545
466	817
466	827
466	872
467	586
467	590
467	604
467	753
467	790
468	476
468	488
468	672
468	757
468	788
468	807
468	827
468	899
469	485
469	660
469	690
469	855
470	526
470	712
470	830
470	845
470	921
470	951
471	580
471	622
471	623
471	676
471	752
471	820
471	918
472	497
472	625
472	743
472	747
472	965
473	484
474	539
474	991
475	513
475	582
475	590
475	596
475	604
475	728
475	869
476	508
476	537
476	559
476	907
477	818
477	833
477	868
478	489
478	763
478	812
478	994
479	791
479	959
479	966
480	513
480	604
480	886
480	956
480	960
481	562
481	564
481	721
481	810
481	873
482	589
482	618
482	839
482	892
482	992
483	486
483	656
483	736
483	800
483	987
484	630
484	642
484	851
485	502
485	645
485	715
486	503
486	515
486	646
486	658
486	663
487	522
487	793
487	837
488	551
488	637
488	757
488	802
488	859
488	872
489	546
489	667
489	679
489	744
489	805
490	568
490	601
491	492
491	580
491	871
491	981
492	623
492	975
493	583
493	613
493	662
493	885
493	914
494	693
494	811
494	865
494	984
495	759
496	570
496	745
496	894
497	556
497	613
497	625
497	678
497	834
497	877
497	977
498	611
498	650
498	695
498	795
499	536
499	612
499	650
499	911
500	648
500	719
500	825
500	864
500	948
500	957
501	527
501	591
501	770
501	829
501	988
502	537
502	566
502	767
503	563
503	656
503	663
503	801
503	987
503	1000
504	543
504	586
504	602
504	733
505	659
505	854
505	924
505	992
506	670
506	692
506	711
506	784
507	702
507	832
507	920
508	745
508	804
508	964
509	556
509	636
509	662
509	690
509	850
509	877
509	914
510	748
510	750
510	832
510	908
511	587
511	599
512	698
512	799
512	863
512	890
513	754
513	831
513	983
514	553
514	625
514	824
515	663
515	736
515	781
515	967
516	576
516	597
516	633
516	735
517	540
517	588
517	719
517	809
517	825
517	864
517	974
518	524
518	681
518	851
518	865
518	923
519	529
519	557
520	552
520	689
520	924
520	926
520	961
521	591
522	908
522	942
523	547
523	560
523	918
523	954
523	993
524	681
524	731
524	898
525	579
525	625
525	660
525	743
525	796
525	822
526	700
526	806
526	855
527	606
527	770
528	569
528	972
529	554
529	603
529	608
529	704
529	741
529	792
530	570
530	592
530	988
531	654
531	789
531	889
532	561
532	982
533	599
533	606
533	780
533	787
533	987
534	646
534	948
535	609
535	699
535	791
535	851
535	913
536	622
536	666
536	734
536	755
536	795
536	907
537	570
537	713
537	853
537	988
538	947
538	956
539	604
539	675
539	968
539	971
540	585
540	621
540	639
540	703
540	843
541	560
541	580
541	623
541	706
541	871
542	667
542	678
542	834
542	835
542	909
542	965
543	607
543	786
543	832
543	887
544	711
544	942
545	685
545	705
545	709
545	841
545	859
545	978
546	597
546	686
546	707
547	673
547	820
547	954
547	984
548	634
548	688
548	725
548	793
549	812
549	879
549	915
550	804
550	896
550	941
551	888
552	783
552	992
553	619
553	719
553	891
554	765
554	824
554	884
555	567
555	705
555	859
556	583
556	662
556	796
556	976
557	716
557	726
558	697
558	738
558	763
559	620
560	591
560	673
560	683
561	595
561	710
561	740
561	791
562	810
562	873
563	826
564	847
564	931
564	959
565	907
565	960
566	645
566	715
566	731
566	904
566	986
567	653
567	803
567	867
567	888
568	806
569	577
569	618
569	691
569	802
569	949
570	696
570	804
570	896
571	832
571	866
571	920
571	942
572	588
572	848
572	948
573	625
573	710
573	725
573	890
574	586
574	675
574	733
574	886
574	974
575	729
575	837
575	901
575	933
575	977
576	655
576	699
576	726
576	923
576	969
577	689
578	640
578	660
578	743
578	850
578	874
578	898
579	743
579	796
579	836
579	850
580	918
581	691
581	766
582	596
582	728
582	997
583	636
583	640
583	747
583	797
583	909
584	593
584	724
584	922
584	995
585	741
585	819
585	836
586	733
586	856
586	861
586	887
587	606
587	707
588	703
588	741
588	809
588	884
588	996
589	694
589	783
589	849
590	605
590	675
590	687
590	746
590	790
590	887
590	983
591	646
591	894
591	960
592	664
593	601
593	751
593	789
593	946
594	620
594	646
594	942
595	598
595	868
595	902
596	629
596	675
596	768
596	886
597	744
597	823
597	893
597	906
598	852
599	781
599	874
600	776
600	876
600	951
601	760
601	913
602	629
602	652
602	728
602	958
603	619
603	703
603	985
604	629
604	675
604	733
604	971
604	991
605	958
605	983
606	680
607	652
607	785
608	626
608	704
608	730
608	741
608	782
608	884
609	636
609	772
609	923
609	969
610	640
610	660
610	662
610	687
610	797
610	965
611	649
611	695
611	711
611	734
611	955
612	675
612	931
613	755
613	796
613	850
615	654
615	760
615	773
615	858
616	769
616	780
616	987
618	689
618	749
619	716
619	730
619	891
619	938
620	756
620	999
621	891
621	905
622	666
622	684
622	759
622	854
623	676
623	856
624	746
624	839
624	924
625	678
625	874
626	662
626	730
626	819
626	957
627	644
627	682
627	702
628	830
628	932
628	945
629	831
630	873
631	729
631	733
631	837
632	709
632	732
632	788
632	817
632	862
632	888
633	679
633	707
633	735
634	798
634	806
634	949
635	669
636	835
636	877
636	909
637	705
637	709
637	817
637	862
638	653
638	686
638	697
638	805
639	704
639	730
639	996
640	914
640	929
641	880
641	915
642	766
642	860
642	870
643	656
643	826
644	668
644	711
644	928
644	962
645	816
645	900
646	882
646	907
647	734
647	789
647	794
647	813
648	730
648	809
648	824
648	864
648	938
649	666
649	695
651	916
651	1000
652	753
652	754
652	800
652	801
652	932
653	950
654	724
654	760
654	792
655	984
656	658
656	674
656	987
657	665
657	802
657	849
657	961
658	663
658	801
658	980
659	665
659	926
660	755
660	965
661	682
661	866
662	874
663	668
664	838
664	999
665	684
665	694
665	802
666	813
666	854
667	744
667	757
667	823
667	879
668	801
669	857
670	973
671	777
671	808
671	871
671	993
672	788
672	809
672	817
672	872
673	683
673	774
673	853
674	903
675	856
676	683
676	706
676	777
676	853
676	954
677	699
677	714
677	984
678	755
678	796
678	835
678	836
678	924
678	936
679	737
680	976
682	702
682	798
683	758
683	774
684	911
684	931
685	709
685	732
685	782
685	930
686	744
687	753
687	912
687	947
688	949
688	986
689	992
690	796
690	929
690	936
691	892
692	708
692	920
692	942
692	962
693	699
693	714
693	811
693	869
694	783
695	722
695	813
695	915
697	805
698	762
699	772
699	895
700	729
700	812
700	921
701	889
702	934
702	986
703	712
703	792
704	864
704	957
704	996
705	761
705	867
705	939
706	981
707	763
707	906
707	970
709	732
709	927
710	796
710	979
712	725
712	830
713	896
715	921
716	865
716	985
717	721
719	905
721	959
722	860
722	926
723	887
723	932
724	751
725	900
725	986
726	913
726	966
727	736
730	883
731	898
733	947
734	777
735	879
735	893
735	970
736	787
736	795
737	812
738	763
738	970
739	775
739	782
739	872
740	764
740	902
741	938
742	778
742	848
742	944
743	747
743	796
743	914
745	882
746	766
747	796
747	835
747	929
748	784
748	908
749	849
750	808
750	918
751	916
752	952
752	975
753	956
753	991
754	785
754	956
756	896
757	807
758	799
758	820
759	843
761	963
762	799
765	891
765	910
765	948
767	855
768	973
769	800
769	882
769	976
771	833
772	865
774	981
774	997
775	930
776	935
776	982
778	819
778	848
778	910
779	821
779	960
779	964
779	988
780	801
781	903
782	817
782	827
782	978
786	974
790	885
791	865
791	984
793	990
795	843
798	934
798	962
799	919
799	998
800	944
801	976
802	892
807	963
810	953
811	851
811	898
814	905
814	909
815	972
817	862
817	872
818	982
820	961
821	894
822	858
823	881
824	938
826	847
827	888
830	990
831	865
833	982
834	929
835	836
835	909
836	936
837	986
838	964
839	846
840	919
840	998
841	899
841	930
841	978
844	927
845	855
845	884
846	870
846	892
846	917
848	883
850	914
851	869
854	955
855	900
856	885
856	968
858	1000
859	867
859	945
860	870
860	924
861	881
861	972
862	888
864	884
864	957
868	902
870	992
872	888
875	925
875	935
875	972
877	992
879	994
880	915
880	927
881	912
881	937
883	905
886	958
886	991
893	950
897	974
898	984
901	921
906	950
908	940
909	914
910	957
911	918
912	932
912	958
913	989
921	933
921	977
925	935
934	973
937	947
937	997
946	995
947	974
952	975
952	981
953	995
960	999
963	978
969	989
980	990
991	997
