1	23
1	28
1	35
1	40
1	54
1	58
1	73
1	86
1	92
1	142
1	144
1	148
1	151
1	155
1	158
1	172
1	180
1	182
1	196
1	197
1	198
1	214
1	235
1	244
1	256
1	313
1	336
1	339
1	340
1	385
1	408
1	442
1	471
1	487
1	538
1	547
1	565
1	584
1	605
1	617
1	663
1	730
1	769
1	794
1	877
1	881
1	900
1	904
1	930
1	948
2	26
2	30
2	34
2	45
2	53
2	55
2	65
2	68
2	70
2	81
2	82
2	90
2	162
2	169
2	173
2	174
2	177
2	199
2	200
2	230
2	231
2	234
2	244
2	298
2	306
2	322
2	359
2	374
2	376
2	385
2	405
2	454
2	469
2	520
2	525
2	532
2	545
2	556
2	594
2	595
2	618
2	679
2	755
2	769
2	788
2	880
2	882
2	941
2	957
3	52
3	65
3	84
3	85
3	93
3	98
3	101
3	107
3	113
3	139
3	153
3	156
3	157
3	160
3	165
3	203
3	215
3	241
3	261
3	267
3	361
3	399
3	412
3	443
3	460
3	490
3	572
3	576
3	585
3	597
3	624
3	626
3	630
3	676
3	691
3	742
3	746
3	786
3	790
3	800
3	820
3	841
3	908
3	919
3	947
3	963
3	988
3	989
3	995
4	9
4	11
4	19
4	25
4	40
4	48
4	50
4	55
4	72
4	87
4	94
4	95
4	101
4	104
4	105
4	125
4	129
4	137
4	142
4	148
4	205
4	216
4	222
4	228
4	235
4	239
4	268
4	269
4	286
4	291
4	296
4	312
4	365
4	372
4	375
4	381
4	389
4	390
4	534
4	554
4	576
4	658
4	673
4	700
4	710
4	734
4	812
4	860
4	984
5	21
5	24
5	45
5	46
5	49
5	66
5	69
5	81
5	103
5	108
5	118
5	121
5	122
5	125
5	134
5	141
5	143
5	144
5	177
5	181
5	198
5	212
5	217
5	223
5	238
5	246
5	250
5	260
5	269
5	285
5	297
5	314
5	324
5	382
5	401
5	434
5	442
5	445
5	451
5	458
5	497
5	517
5	661
5	719
5	729
5	793
5	906
5	959
5	974
6	8
6	16
6	18
6	38
6	39
6	69
6	109
6	118
6	136
6	151
6	166
6	194
6	196
6	208
6	229
6	256
6	257
6	284
6	288
6	362
6	364
6	387
6	431
6	432
6	444
6	448
6	465
6	477
6	507
6	529
6	535
6	559
6	604
6	666
6	685
6	706
6	721
6	753
6	773
6	774
6	817
6	837
6	863
6	897
6	906
6	932
6	944
6	975
7	12
7	13
7	25
7	26
7	32
7	38
7	53
7	63
7	124
7	150
7	152
7	177
7	179
7	186
7	215
7	233
7	289
7	336
7	349
7	362
7	365
7	369
7	403
7	407
7	425
7	431
7	443
7	468
7	478
7	488
7	510
7	517
7	554
7	584
7	651
7	695
7	713
7	763
7	767
7	774
7	794
7	823
7	825
7	837
7	842
7	863
7	890
7	911
8	13
8	35
8	38
8	41
8	46
8	48
8	56
8	61
8	66
8	71
8	75
8	109
8	148
8	168
8	192
8	226
8	238
8	274
8	283
8	289
8	310
8	314
8	332
8	355
8	367
8	402
8	425
8	441
8	457
8	487
8	493
8	515
8	583
8	589
8	610
8	611
8	692
8	707
8	751
8	754
8	798
8	808
8	846
8	853
8	872
8	969
9	57
9	62
9	64
9	68
9	71
9	73
9	74
9	77
9	88
9	102
9	106
9	107
9	131
9	134
9	159
9	175
9	250
9	265
9	270
9	275
9	292
9	305
9	320
9	321
9	330
9	331
9	358
9	364
9	390
9	415
9	422
9	423
9	426
9	431
9	438
9	475
9	561
9	562
9	617
9	723
9	730
9	733
9	764
9	804
9	906
9	945
10	14
10	25
10	29
10	35
10	39
10	86
10	87
10	104
10	114
10	134
10	143
10	150
10	184
10	198
10	204
10	211
10	219
10	224
10	225
10	255
10	263
10	334
10	349
10	355
10	356
10	390
10	412
10	434
10	440
10	444
10	467
10	470
10	519
10	520
10	524
10	588
10	589
10	606
10	662
10	666
10	707
10	745
10	773
10	790
10	814
10	822
10	830
11	17
11	21
11	33
11	34
11	41
11	50
11	75
11	89
11	122
11	153
11	182
11	191
11	193
11	197
11	199
11	202
11	225
11	262
11	281
11	331
11	333
11	373
11	399
11	456
11	504
11	516
11	536
11	581
11	588
11	591
11	636
11	665
11	676
11	677
11	718
11	742
11	743
11	765
11	803
11	854
11	876
11	889
11	938
11	945
11	983
12	16
12	33
12	58
12	61
12	81
12	111
12	116
12	143
12	145
12	150
12	160
12	164
12	174
12	194
12	221
12	224
12	258
12	271
12	284
12	299
12	309
12	316
12	329
12	333
12	336
12	339
12	343
12	352
12	362
12	419
12	439
12	485
12	512
12	568
12	607
12	619
12	704
12	722
12	760
12	838
12	859
12	905
12	920
12	961
12	962
13	31
13	38
13	41
13	48
13	61
13	70
13	93
13	115
13	118
13	120
13	149
13	173
13	195
13	217
13	219
13	268
13	270
13	274
13	329
13	341
13	347
13	369
13	376
13	422
13	433
13	471
13	496
13	514
13	515
13	523
13	545
13	551
13	558
13	619
13	627
13	750
13	828
13	843
13	867
13	868
13	890
13	919
13	925
13	973
14	16
14	48
14	53
14	77
14	89
14	93
14	123
14	150
14	165
14	178
14	183
14	240
14	262
14	280
14	282
14	285
14	293
14	321
14	381
14	408
14	409
14	428
14	444
14	446
14	450
14	476
14	477
14	481
14	494
14	496
14	593
14	630
14	660
14	701
14	723
14	855
14	866
14	875
14	899
14	914
14	928
14	943
14	957
14	998
15	27
15	31
15	41
15	51
15	72
15	75
15	84
15	98
15	104
15	120
15	121
15	130
15	141
15	157
15	189
15	196
15	240
15	291
15	314
15	316
15	326
15	347
15	361
15	381
15	396
15	460
15	461
15	466
15	488
15	494
15	525
15	578
15	590
15	629
15	638
15	650
15	661
15	696
15	705
15	804
15	841
15	929
15	947
15	981
15	991
16	26
16	42
16	63
16	64
16	65
16	100
16	128
16	151
16	152
16	179
16	182
16	189
16	194
16	200
16	240
16	253
16	260
16	271
16	282
16	284
16	308
16	333
16	336
16	373
16	388
16	389
16	441
16	497
16	536
16	555
16	565
16	578
16	598
16	614
16	620
16	716
16	731
16	778
16	825
16	858
16	872
16	962
17	21
17	33
17	36
17	37
17	43
17	65
17	68
17	69
17	76
17	80
17	88
17	98
17	167
17	178
17	197
17	222
17	223
17	232
17	241
17	282
17	310
17	329
17	332
17	379
17	406
17	428
17	455
17	503
17	550
17	560
17	585
17	653
17	661
17	684
17	726
17	731
17	740
17	795
17	810
17	846
17	874
17	940
17	974
18	19
18	35
18	45
18	49
18	51
18	52
18	55
18	76
18	82
18	90
18	111
18	114
18	130
18	133
18	221
18	227
18	264
18	266
18	297
18	332
18	410
18	429
18	448
18	449
18	478
18	482
18	509
18	557
18	584
18	606
18	683
18	685
18	719
18	722
18	808
18	823
18	830
18	843
18	856
18	871
18	876
18	970
18	987
19	23
19	51
19	65
19	70
19	87
19	90
19	93
19	100
19	153
19	160
19	167
19	188
19	209
19	236
19	258
19	279
19	291
19	349
19	365
19	373
19	394
19	430
19	442
19	443
19	455
19	501
19	519
19	525
19	531
19	541
19	556
19	581
19	605
19	607
19	616
19	678
19	692
19	762
19	790
19	844
19	913
19	992
20	36
20	51
20	54
20	88
20	95
20	105
20	111
20	114
20	122
20	133
20	138
20	141
20	183
20	185
20	192
20	276
20	316
20	322
20	345
20	350
20	354
20	367
20	385
20	392
20	399
20	429
20	476
20	496
20	505
20	533
20	577
20	597
20	598
20	600
20	602
20	628
20	658
20	737
20	830
20	894
20	935
20	939
20	981
21	29
21	38
21	48
21	62
21	64
21	71
21	73
21	84
21	95
21	122
21	125
21	137
21	147
21	166
21	175
21	177
21	200
21	202
21	211
21	267
21	283
21	288
21	307
21	435
21	500
21	529
21	530
21	549
21	550
21	607
21	611
21	648
21	661
21	672
21	697
21	726
21	732
21	774
21	873
21	925
22	25
22	29
22	39
22	44
22	78
22	80
22	82
22	88
22	90
22	91
22	100
22	134
22	170
22	213
22	217
22	221
22	257
22	280
22	322
22	346
22	392
22	435
22	467
22	476
22	510
22	545
22	559
22	597
22	599
22	640
22	641
22	681
22	701
22	710
22	806
22	866
22	882
22	903
22	968
22	969
22	984
22	995
22	996
23	29
23	37
23	52
23	56
23	58
23	59
23	80
23	81
23	86
23	89
23	94
23	97
23	110
23	125
23	128
23	151
23	176
23	215
23	233
23	240
23	267
23	330
23	377
23	405
23	417
23	419
23	437
23	444
23	466
23	469
23	505
23	547
23	673
23	715
23	727
23	730
23	807
23	809
23	817
23	979
23	980
24	31
24	34
24	39
24	45
24	47
24	57
24	62
24	65
24	76
24	85
24	102
24	104
24	109
24	110
24	124
24	153
24	185
24	199
24	222
24	223
24	231
24	248
24	255
24	349
24	359
24	363
24	375
24	376
24	454
24	595
24	712
24	728
24	755
24	772
24	791
24	826
24	832
24	888
24	933
24	957
24	989
25	30
25	68
25	99
25	109
25	119
25	133
25	146
25	152
25	159
25	181
25	183
25	201
25	209
25	218
25	233
25	234
25	255
25	259
25	328
25	347
25	356
25	402
25	408
25	469
25	470
25	476
25	481
25	501
25	510
25	530
25	548
25	612
25	616
25	631
25	676
25	931
25	964
25	998
26	33
26	72
26	75
26	90
26	117
26	121
26	146
26	161
26	171
26	201
26	203
26	216
26	241
26	250
26	269
26	285
26	291
26	309
26	311
26	327
26	330
26	343
26	360
26	380
26	396
26	511
26	515
26	526
26	567
26	572
26	575
26	608
26	636
26	648
26	676
26	678
26	696
26	793
26	854
27	34
27	43
27	69
27	70
27	76
27	103
27	104
27	108
27	113
27	133
27	144
27	161
27	178
27	199
27	250
27	372
27	379
27	391
27	406
27	407
27	476
27	479
27	489
27	549
27	600
27	606
27	610
27	666
27	749
27	764
27	766
27	784
27	795
27	812
27	852
27	909
27	939
27	953
27	969
27	985
27	997
28	41
28	77
28	78
28	81
28	86
28	90
28	91
28	92
28	96
28	126
28	141
28	143
28	148
28	154
28	166
28	177
28	194
28	209
28	212
28	266
28	307
28	311
28	423
28	424
28	426
28	521
28	542
28	565
28	580
28	593
28	635
28	657
28	672
28	686
28	741
28	759
28	820
28	831
28	846
28	956
28	979
29	51
29	81
29	94
29	106
29	128
29	132
29	148
29	164
29	166
29	176
29	203
29	262
29	277
29	285
29	299
29	315
29	323
29	366
29	379
29	381
29	415
29	424
29	441
29	519
29	568
29	616
29	634
29	647
29	780
29	826
29	845
29	870
29	911
29	916
29	949
29	963
29	974
30	38
30	43
30	50
30	58
30	97
30	105
30	106
30	108
30	116
30	123
30	153
30	157
30	167
30	172
30	201
30	254
30	282
30	312
30	375
30	400
30	461
30	465
30	466
30	502
30	534
30	536
30	573
30	608
30	717
30	718
30	721
30	756
30	856
30	894
30	921
30	926
30	944
30	962
30	976
31	56
31	70
31	83
31	84
31	85
31	87
31	98
31	120
31	136
31	137
31	149
31	163
31	176
31	215
31	256
31	273
31	304
31	316
31	317
31	406
31	466
31	501
31	546
31	602
31	646
31	654
31	706
31	726
31	733
31	814
31	822
31	830
31	837
31	848
31	856
31	933
31	954
31	968
32	38
32	42
32	50
32	74
32	78
32	79
32	106
32	129
32	133
32	140
32	165
32	191
32	192
32	196
32	206
32	228
32	247
32	285
32	288
32	310
32	335
32	361
32	369
32	438
32	450
32	471
32	479
32	514
32	538
32	554
32	579
32	610
32	650
32	670
32	671
32	777
32	833
32	835
32	885
32	950
33	62
33	96
33	113
33	125
33	135
33	147
33	153
33	177
33	205
33	210
33	235
33	264
33	266
33	281
33	293
33	302
33	332
33	395
33	433
33	442
33	487
33	542
33	567
33	569
33	573
33	632
33	672
33	708
33	723
33	785
33	805
33	831
33	843
33	853
33	867
33	925
33	937
34	37
34	51
34	59
34	69
34	71
34	85
34	101
34	114
34	126
34	158
34	203
34	207
34	236
34	251
34	272
34	306
34	308
34	319
34	376
34	474
34	528
34	560
34	642
34	647
34	678
34	740
34	754
34	772
34	775
34	810
34	814
34	854
34	861
34	869
34	881
34	934
34	952
35	37
35	52
35	53
35	55
35	58
35	66
35	69
35	73
35	91
35	113
35	117
35	123
35	133
35	146
35	206
35	332
35	337
35	349
35	399
35	403
35	410
35	442
35	451
35	522
35	598
35	639
35	666
35	683
35	692
35	705
35	718
35	719
35	745
35	788
35	908
35	913
35	926
36	45
36	61
36	72
36	79
36	89
36	99
36	131
36	179
36	190
36	196
36	200
36	210
36	224
36	231
36	236
36	244
36	269
36	293
36	327
36	348
36	373
36	395
36	402
36	455
36	472
36	476
36	478
36	529
36	592
36	608
36	623
36	643
36	692
36	770
36	805
36	813
36	857
36	893
36	942
37	63
37	65
37	101
37	114
37	126
37	138
37	147
37	155
37	169
37	170
37	191
37	209
37	237
37	238
37	239
37	255
37	261
37	297
37	306
37	322
37	403
37	443
37	491
37	523
37	532
37	534
37	556
37	566
37	592
37	614
37	618
37	640
37	735
37	740
37	755
37	832
37	835
38	83
38	88
38	118
38	145
38	212
38	216
38	240
38	289
38	303
38	338
38	343
38	351
38	364
38	386
38	425
38	535
38	582
38	597
38	653
38	668
38	731
38	737
38	740
38	741
38	750
38	772
38	793
38	812
38	837
38	862
38	873
38	917
38	931
39	47
39	60
39	93
39	117
39	124
39	126
39	147
39	151
39	187
39	242
39	256
39	258
39	275
39	283
39	289
39	290
39	341
39	411
39	427
39	429
39	443
39	449
39	551
39	591
39	596
39	624
39	674
39	685
39	698
39	708
39	773
39	842
39	846
39	868
39	972
39	991
40	42
40	53
40	58
40	78
40	94
40	97
40	107
40	127
40	132
40	133
40	145
40	146
40	154
40	155
40	197
40	198
40	200
40	211
40	221
40	233
40	273
40	282
40	302
40	318
40	339
40	362
40	377
40	521
40	557
40	560
40	584
40	649
40	657
40	698
40	789
40	850
40	894
40	955
41	54
41	67
41	120
41	121
41	130
41	175
41	180
41	190
41	198
41	210
41	220
41	232
41	270
41	289
41	331
41	354
41	357
41	386
41	427
41	432
41	435
41	465
41	489
41	497
41	509
41	583
41	612
41	668
41	682
41	699
41	717
41	738
41	853
41	872
41	889
42	77
42	80
42	84
42	95
42	106
42	111
42	128
42	139
42	159
42	162
42	168
42	226
42	277
42	286
42	302
42	323
42	351
42	357
42	358
42	414
42	420
42	467
42	477
42	499
42	504
42	530
42	573
42	638
42	652
42	666
42	691
42	695
42	724
42	780
42	839
42	892
42	934
43	50
43	66
43	73
43	75
43	77
43	78
43	101
43	106
43	110
43	128
43	134
43	135
43	148
43	154
43	176
43	216
43	218
43	230
43	239
43	286
43	296
43	344
43	355
43	414
43	456
43	466
43	554
43	609
43	663
43	694
43	699
43	745
43	760
43	785
43	796
43	843
43	905
44	46
44	61
44	62
44	79
44	92
44	101
44	104
44	107
44	109
44	115
44	124
44	126
44	142
44	146
44	149
44	178
44	189
44	205
44	254
44	265
44	282
44	297
44	303
44	314
44	389
44	393
44	418
44	428
44	480
44	574
44	627
44	664
44	681
44	689
44	701
44	792
44	824
44	825
45	65
45	76
45	83
45	85
45	113
45	121
45	124
45	128
45	131
45	157
45	163
45	171
45	174
45	184
45	188
45	230
45	243
45	322
45	324
45	370
45	400
45	445
45	491
45	548
45	621
45	626
45	635
45	638
45	739
45	754
45	832
45	895
45	930
45	959
46	52
46	65
46	81
46	108
46	113
46	122
46	127
46	246
46	257
46	292
46	311
46	313
46	317
46	333
46	382
46	407
46	420
46	437
46	438
46	470
46	495
46	529
46	576
46	610
46	612
46	629
46	631
46	640
46	725
46	729
46	747
46	842
46	862
46	925
46	960
46	991
47	48
47	60
47	61
47	142
47	169
47	173
47	174
47	179
47	188
47	193
47	237
47	246
47	310
47	324
47	354
47	426
47	454
47	465
47	512
47	523
47	547
47	564
47	605
47	612
47	621
47	634
47	692
47	738
47	743
47	750
47	773
47	784
47	804
47	889
47	931
47	974
47	996
48	66
48	86
48	118
48	151
48	220
48	224
48	256
48	271
48	302
48	331
48	354
48	372
48	376
48	402
48	411
48	446
48	447
48	563
48	579
48	582
48	661
48	670
48	693
48	725
48	771
48	773
48	836
48	853
48	862
48	866
48	873
48	972
49	52
49	55
49	69
49	84
49	89
49	166
49	171
49	200
49	247
49	264
49	290
49	294
49	299
49	316
49	337
49	349
49	381
49	385
49	429
49	480
49	500
49	521
49	533
49	549
49	555
49	563
49	564
49	573
49	586
49	597
49	633
49	696
49	759
49	782
49	813
49	963
50	59
50	63
50	66
50	70
50	72
50	73
50	106
50	124
50	139
50	169
50	191
50	201
50	268
50	278
50	290
50	307
50	318
50	372
50	427
50	520
50	539
50	563
50	567
50	573
50	578
50	643
50	647
50	652
50	724
50	755
50	779
50	812
50	934
51	83
51	119
51	141
51	158
51	188
51	199
51	213
51	245
51	264
51	272
51	274
51	284
51	334
51	342
51	343
51	351
51	396
51	399
51	496
51	501
51	503
51	515
51	557
51	568
51	717
51	742
51	751
51	756
51	815
51	896
51	915
51	980
52	55
52	63
52	82
52	108
52	133
52	138
52	145
52	157
52	179
52	208
52	229
52	239
52	245
52	284
52	288
52	350
52	410
52	436
52	486
52	508
52	532
52	533
52	552
52	633
52	683
52	726
52	793
52	839
52	861
52	867
52	908
52	914
53	60
53	67
53	82
53	88
53	133
53	164
53	179
53	187
53	224
53	261
53	287
53	307
53	330
53	341
53	374
53	407
53	427
53	438
53	461
53	489
53	599
53	625
53	642
53	644
53	665
53	755
53	757
53	819
53	842
53	855
53	892
53	915
53	940
54	60
54	64
54	78
54	96
54	110
54	128
54	135
54	146
54	165
54	170
54	175
54	183
54	209
54	227
54	232
54	233
54	260
54	288
54	323
54	328
54	333
54	341
54	354
54	355
54	389
54	404
54	432
54	496
54	558
54	656
54	674
54	744
54	764
54	781
54	787
55	63
55	66
55	103
55	149
55	151
55	166
55	169
55	174
55	204
55	225
55	291
55	321
55	331
55	332
55	345
55	437
55	550
55	619
55	640
55	671
55	680
55	683
55	689
55	708
55	717
55	813
55	868
55	893
55	908
55	945
55	984
56	57
56	58
56	78
56	86
56	107
56	148
56	151
56	159
56	163
56	165
56	172
56	178
56	190
56	212
56	257
56	258
56	300
56	302
56	326
56	360
56	434
56	478
56	539
56	557
56	600
56	803
56	809
56	825
56	888
56	927
56	941
56	956
56	980
56	988
57	62
57	107
57	111
57	126
57	132
57	143
57	160
57	163
57	226
57	281
57	288
57	304
57	305
57	307
57	337
57	351
57	367
57	374
57	375
57	388
57	452
57	459
57	534
57	587
57	623
57	644
57	684
57	799
57	829
57	861
57	909
57	944
57	966
57	992
58	86
58	91
58	97
58	123
58	142
58	166
58	168
58	170
58	218
58	223
58	262
58	265
58	289
58	351
58	391
58	400
58	413
58	417
58	455
58	553
58	591
58	620
58	674
58	677
58	743
58	807
58	835
58	904
58	922
58	950
59	67
59	76
59	93
59	105
59	107
59	198
59	203
59	213
59	235
59	246
59	250
59	251
59	285
59	286
59	338
59	345
59	387
59	409
59	421
59	430
59	537
59	596
59	632
59	702
59	707
59	757
59	777
59	852
59	881
59	888
59	917
59	985
59	997
60	61
60	65
60	107
60	124
60	143
60	206
60	222
60	224
60	243
60	289
60	291
60	309
60	325
60	355
60	363
60	367
60	374
60	405
60	425
60	433
60	443
60	489
60	522
60	556
60	627
60	640
60	649
60	735
60	763
60	872
60	966
60	968
61	65
61	81
61	91
61	108
61	117
61	130
61	173
61	196
61	200
61	236
61	274
61	277
61	379
61	386
61	395
61	427
61	462
61	523
61	540
61	559
61	717
61	726
61	748
61	806
61	837
61	873
61	875
61	891
61	943
62	84
62	103
62	113
62	119
62	129
62	132
62	138
62	139
62	163
62	171
62	236
62	237
62	286
62	307
62	335
62	370
62	404
62	449
62	461
62	471
62	567
62	574
62	702
62	783
62	810
62	824
62	827
62	836
62	929
62	992
63	72
63	79
63	112
63	133
63	146
63	165
63	196
63	229
63	239
63	281
63	338
63	350
63	393
63	419
63	442
63	490
63	525
63	529
63	533
63	540
63	598
63	627
63	635
63	696
63	708
63	711
63	750
63	782
63	796
63	864
64	83
64	84
64	114
64	138
64	152
64	158
64	166
64	167
64	181
64	241
64	252
64	254
64	262
64	272
64	275
64	299
64	334
64	406
64	419
64	439
64	440
64	477
64	488
64	541
64	629
64	668
64	674
64	713
64	752
64	753
64	949
64	981
65	85
65	106
65	110
65	137
65	150
65	153
65	162
65	169
65	185
65	198
65	210
65	227
65	244
65	344
65	411
65	495
65	548
65	565
65	605
65	628
65	677
65	775
65	832
65	898
65	960
66	72
66	87
66	99
66	116
66	119
66	139
66	156
66	168
66	174
66	196
66	268
66	321
66	344
66	445
66	454
66	456
66	509
66	545
66	573
66	600
66	647
66	761
66	768
66	779
66	815
66	838
66	910
66	948
66	951
67	69
67	74
67	85
67	88
67	103
67	108
67	114
67	116
67	122
67	131
67	141
67	144
67	172
67	179
67	234
67	257
67	319
67	380
67	409
67	432
67	438
67	449
67	504
67	521
67	537
67	563
67	803
67	844
67	938
67	953
67	971
67	972
68	99
68	124
68	125
68	126
68	146
68	166
68	182
68	200
68	247
68	256
68	287
68	300
68	334
68	366
68	379
68	398
68	453
68	479
68	551
68	574
68	624
68	661
68	766
68	818
68	902
68	925
68	928
68	937
68	938
68	947
68	975
69	86
69	99
69	103
69	115
69	147
69	198
69	252
69	259
69	284
69	295
69	296
69	301
69	309
69	311
69	360
69	398
69	471
69	498
69	542
69	576
69	580
69	635
69	638
69	802
69	803
69	844
69	997
70	71
70	79
70	83
70	87
70	95
70	112
70	132
70	191
70	265
70	283
70	294
70	331
70	348
70	379
70	418
70	426
70	449
70	451
70	503
70	550
70	553
70	574
70	580
70	622
70	665
70	710
70	828
70	841
70	978
71	110
71	121
71	123
71	127
71	129
71	135
71	139
71	171
71	173
71	174
71	219
71	244
71	253
71	288
71	290
71	306
71	329
71	443
71	460
71	532
71	599
71	613
71	627
71	634
71	669
71	695
71	761
71	793
71	922
71	994
72	94
72	97
72	111
72	112
72	221
72	250
72	281
72	284
72	286
72	296
72	312
72	357
72	416
72	478
72	516
72	529
72	550
72	608
72	610
72	612
72	636
72	659
72	717
72	761
72	767
72	815
72	816
72	910
73	99
73	102
73	147
73	154
73	160
73	210
73	244
73	256
73	276
73	279
73	280
73	289
73	305
73	321
73	329
73	348
73	369
73	388
73	395
73	478
73	493
73	502
73	514
73	572
73	643
73	766
73	871
73	879
73	923
74	81
74	99
74	168
74	180
74	208
74	209
74	217
74	233
74	262
74	277
74	285
74	290
74	320
74	327
74	331
74	371
74	391
74	401
74	421
74	449
74	509
74	527
74	607
74	638
74	700
74	815
74	858
74	859
74	886
74	893
74	896
74	911
75	80
75	89
75	91
75	108
75	137
75	145
75	158
75	228
75	244
75	264
75	338
75	342
75	467
75	487
75	499
75	511
75	560
75	565
75	579
75	590
75	644
75	718
75	721
75	804
75	818
75	823
75	862
75	909
75	918
75	986
76	94
76	99
76	101
76	118
76	126
76	144
76	153
76	227
76	230
76	234
76	252
76	265
76	273
76	317
76	337
76	348
76	454
76	492
76	594
76	608
76	672
76	731
76	735
76	760
76	779
76	814
76	926
76	928
76	957
77	131
77	142
77	146
77	147
77	149
77	182
77	191
77	193
77	262
77	300
77	304
77	334
77	349
77	425
77	438
77	457
77	518
77	545
77	609
77	622
77	665
77	697
77	795
77	800
77	836
77	839
77	864
77	875
77	886
78	107
78	151
78	163
78	201
78	211
78	239
78	240
78	270
78	305
78	327
78	401
78	410
78	422
78	425
78	427
78	456
78	473
78	477
78	542
78	639
78	672
78	783
78	785
78	802
78	822
78	885
78	931
79	80
79	84
79	99
79	115
79	122
79	137
79	138
79	163
79	177
79	193
79	202
79	207
79	263
79	281
79	355
79	434
79	455
79	462
79	554
79	654
79	668
79	691
79	721
79	728
79	731
79	883
79	906
79	965
79	992
80	101
80	118
80	122
80	177
80	183
80	200
80	266
80	285
80	287
80	300
80	308
80	378
80	379
80	416
80	430
80	438
80	479
80	493
80	511
80	587
80	589
80	653
80	677
80	688
80	722
80	895
80	935
80	963
81	98
81	100
81	168
81	196
81	211
81	228
81	251
81	277
81	308
81	345
81	349
81	353
81	426
81	513
81	514
81	534
81	604
81	741
81	824
81	843
81	896
81	907
81	913
81	921
81	961
82	89
82	93
82	95
82	97
82	104
82	208
82	213
82	237
82	240
82	249
82	318
82	370
82	445
82	494
82	539
82	571
82	607
82	633
82	657
82	682
82	689
82	714
82	747
82	750
82	774
82	821
82	878
82	914
82	996
83	98
83	118
83	127
83	130
83	138
83	141
83	143
83	156
83	166
83	177
83	185
83	186
83	210
83	220
83	269
83	305
83	329
83	501
83	525
83	569
83	571
83	588
83	606
83	614
83	713
83	915
83	956
83	990
84	94
84	98
84	102
84	146
84	192
84	194
84	196
84	231
84	258
84	319
84	361
84	373
84	392
84	471
84	486
84	563
84	572
84	611
84	664
84	746
84	789
84	822
84	920
84	963
84	1000
85	101
85	164
85	208
85	241
85	258
85	259
85	277
85	307
85	328
85	359
85	469
85	488
85	576
85	580
85	601
85	611
85	624
85	769
85	786
85	801
85	813
85	919
85	938
85	950
85	975
85	984
85	995
86	97
86	108
86	110
86	121
86	127
86	134
86	159
86	186
86	272
86	278
86	364
86	423
86	436
86	476
86	513
86	522
86	538
86	662
86	776
86	787
86	794
86	829
86	897
86	927
86	928
87	91
87	138
87	168
87	193
87	234
87	238
87	240
87	254
87	295
87	325
87	329
87	345
87	440
87	514
87	550
87	577
87	581
87	594
87	596
87	605
87	667
87	858
87	888
87	942
87	949
87	980
87	990
88	106
88	112
88	118
88	132
88	149
88	156
88	157
88	162
88	163
88	258
88	263
88	336
88	369
88	373
88	452
88	461
88	464
88	471
88	506
88	513
88	558
88	578
88	587
88	902
88	970
88	988
89	124
89	134
89	137
89	193
89	207
89	264
89	266
89	282
89	330
89	384
89	385
89	388
89	394
89	495
89	516
89	544
89	573
89	593
89	655
89	686
89	768
89	847
89	874
89	956
89	966
89	974
90	101
90	110
90	140
90	155
90	160
90	166
90	170
90	187
90	210
90	227
90	235
90	242
90	244
90	345
90	357
90	390
90	395
90	436
90	463
90	472
90	553
90	621
90	712
90	755
90	758
90	760
90	821
91	95
91	102
91	110
91	159
91	163
91	204
91	206
91	224
91	244
91	245
91	265
91	324
91	329
91	364
91	461
91	546
91	558
91	736
91	739
91	764
91	828
91	834
91	839
91	887
91	902
91	1000
92	96
92	107
92	121
92	124
92	154
92	180
92	233
92	298
92	302
92	406
92	415
92	417
92	426
92	437
92	468
92	485
92	527
92	538
92	552
92	569
92	570
92	662
92	664
92	742
92	780
92	794
92	805
92	807
92	814
92	870
93	104
93	109
93	112
93	126
93	156
93	157
93	181
93	183
93	188
93	213
93	232
93	302
93	315
93	392
93	409
93	430
93	431
93	462
93	494
93	623
93	701
93	782
93	846
93	891
93	957
93	998
94	119
94	201
94	216
94	223
94	240
94	261
94	277
94	293
94	321
94	327
94	360
94	386
94	397
94	440
94	461
94	485
94	506
94	509
94	513
94	534
94	592
94	682
94	766
94	851
94	911
94	968
95	98
95	104
95	105
95	137
95	154
95	162
95	228
95	307
95	351
95	390
95	417
95	422
95	522
95	527
95	593
95	618
95	647
95	697
95	709
95	724
95	757
95	761
95	800
95	805
95	873
95	938
96	104
96	131
96	146
96	156
96	175
96	189
96	202
96	207
96	242
96	334
96	349
96	350
96	408
96	413
96	447
96	454
96	455
96	464
96	473
96	479
96	543
96	588
96	623
96	633
96	649
96	907
96	949
96	960
96	961
97	128
97	154
97	173
97	180
97	185
97	238
97	240
97	276
97	282
97	323
97	326
97	327
97	387
97	396
97	425
97	429
97	477
97	489
97	605
97	809
97	818
97	849
97	850
97	853
97	877
97	943
98	100
98	126
98	136
98	138
98	160
98	218
98	271
98	293
98	318
98	363
98	444
98	511
98	607
98	654
98	676
98	684
98	703
98	728
98	746
98	782
98	786
98	839
98	855
98	878
99	107
99	150
99	160
99	167
99	200
99	211
99	246
99	263
99	266
99	279
99	304
99	348
99	388
99	400
99	450
99	468
99	494
99	583
99	613
99	654
99	667
99	810
99	938
100	119
100	131
100	132
100	134
100	141
100	145
100	157
100	176
100	193
100	221
100	236
100	260
100	352
100	389
100	403
100	431
100	437
100	462
100	463
100	469
100	508
100	561
100	667
100	720
100	770
100	895
100	967
101	109
101	126
101	174
101	185
101	221
101	298
101	406
101	415
101	470
101	472
101	480
101	484
101	524
101	560
101	566
101	604
101	631
101	750
101	814
101	824
101	910
101	939
102	116
102	126
102	131
102	180
102	274
102	279
102	311
102	335
102	377
102	380
102	404
102	418
102	481
102	517
102	558
102	565
102	574
102	599
102	666
102	702
102	711
102	746
102	783
102	799
102	855
102	925
102	966
103	113
103	141
103	172
103	182
103	183
103	212
103	223
103	232
103	235
103	253
103	311
103	323
103	343
103	358
103	382
103	417
103	461
103	507
103	560
103	609
103	641
103	685
103	804
103	820
103	851
103	918
104	141
104	156
104	157
104	191
104	198
104	232
104	242
104	245
104	299
104	313
104	315
104	401
104	404
104	419
104	476
104	587
104	659
104	747
104	820
104	903
104	916
104	952
105	106
105	130
105	131
105	201
105	205
105	211
105	237
105	264
105	288
105	321
105	344
105	379
105	400
105	420
105	437
105	485
105	491
105	550
105	626
105	673
105	682
105	689
105	752
105	760
105	779
105	825
105	834
106	116
106	119
106	121
106	123
106	125
106	134
106	158
106	167
106	269
106	375
106	460
106	534
106	567
106	608
106	682
106	728
106	757
106	834
106	857
106	921
106	946
106	951
107	112
107	127
107	130
107	144
107	148
107	211
107	313
107	368
107	401
107	448
107	485
107	557
107	558
107	596
107	611
107	628
107	641
107	648
107	776
107	927
108	129
108	145
108	151
108	182
108	219
108	269
108	280
108	286
108	340
108	341
108	380
108	384
108	393
108	434
108	494
108	570
108	634
108	640
108	686
108	856
108	882
108	987
109	170
109	178
109	181
109	184
109	232
109	233
109	236
109	255
109	296
109	387
109	446
109	480
109	498
109	500
109	528
109	533
109	544
109	629
109	688
109	736
109	834
109	903
109	936
109	964
110	117
110	126
110	129
110	152
110	175
110	197
110	227
110	230
110	268
110	298
110	320
110	347
110	379
110	436
110	437
110	461
110	516
110	560
110	595
110	850
110	875
110	980
111	144
111	151
111	177
111	179
111	203
111	231
111	257
111	258
111	284
111	306
111	348
111	362
111	389
111	401
111	406
111	436
111	437
111	439
111	469
111	495
111	706
111	753
111	837
111	848
111	954
112	118
112	124
112	144
112	161
112	195
112	214
112	230
112	246
112	272
112	309
112	325
112	382
112	476
112	514
112	570
112	586
112	645
112	648
112	687
112	693
112	717
112	780
112	881
112	909
112	932
113	126
113	129
113	132
113	161
113	172
113	202
113	338
113	356
113	368
113	426
113	458
113	474
113	489
113	512
113	627
113	632
113	665
113	834
113	916
113	951
113	960
113	970
113	993
114	133
114	186
114	192
114	331
114	332
114	375
114	388
114	392
114	458
114	468
114	473
114	476
114	516
114	549
114	572
114	606
114	679
114	685
114	764
114	774
114	782
114	865
114	935
114	953
115	175
115	176
115	190
115	221
115	223
115	276
115	341
115	358
115	365
115	367
115	384
115	417
115	452
115	462
115	468
115	491
115	494
115	524
115	578
115	579
115	593
115	682
115	689
115	701
115	787
115	855
115	857
116	119
116	167
116	179
116	184
116	194
116	216
116	238
116	266
116	314
116	371
116	383
116	405
116	418
116	447
116	586
116	608
116	647
116	707
116	712
116	745
116	751
116	849
116	963
116	983
116	989
117	118
117	120
117	141
117	173
117	217
117	219
117	222
117	248
117	249
117	264
117	278
117	287
117	298
117	304
117	339
117	380
117	411
117	433
117	440
117	441
117	563
117	589
117	613
117	642
117	719
117	853
118	120
118	168
118	210
118	219
118	234
118	283
118	289
118	334
118	367
118	405
118	435
118	548
118	557
118	585
118	690
118	761
118	804
118	859
118	947
118	958
119	123
119	163
119	215
119	251
119	267
119	300
119	333
119	334
119	425
119	576
119	610
119	613
119	635
119	682
119	701
119	768
119	856
119	867
119	873
119	880
119	948
119	954
120	145
120	174
120	249
120	263
120	282
120	287
120	312
120	321
120	354
120	355
120	359
120	367
120	427
120	523
120	612
120	660
120	713
120	733
120	779
120	783
120	825
120	862
120	900
120	921
121	144
121	204
121	216
121	231
121	307
121	327
121	333
121	346
121	432
121	512
121	586
121	600
121	636
121	670
121	694
121	740
121	766
121	798
121	888
121	917
121	941
122	175
122	182
122	200
122	207
122	250
122	266
122	267
122	271
122	276
122	350
122	409
122	416
122	417
122	498
122	511
122	516
122	526
122	546
122	719
122	741
122	878
122	999
123	133
123	167
123	178
123	205
123	207
123	221
123	223
123	277
123	309
123	357
123	414
123	416
123	428
123	471
123	494
123	543
123	608
123	658
123	878
123	921
123	946
123	969
123	1000
124	193
124	202
124	211
124	256
124	276
124	279
124	293
124	358
124	367
124	398
124	506
124	533
124	585
124	604
124	617
124	647
124	661
124	817
124	999
125	135
125	148
125	170
125	197
125	245
125	358
125	385
125	395
125	398
125	455
125	459
125	500
125	504
125	559
125	660
125	685
125	696
125	718
125	742
125	818
125	886
125	893
125	922
126	175
126	244
126	291
126	298
126	304
126	331
126	338
126	361
126	394
126	437
126	444
126	451
126	560
126	572
126	882
126	883
127	128
127	134
127	154
127	172
127	174
127	193
127	208
127	229
127	233
127	256
127	271
127	281
127	316
127	363
127	416
127	417
127	538
127	575
127	616
127	715
127	729
127	777
127	797
127	934
128	134
128	155
128	205
128	294
128	295
128	301
128	302
128	314
128	363
128	432
128	512
128	525
128	553
128	647
128	672
128	770
128	835
128	871
128	934
128	993
128	995
129	132
129	160
129	161
129	196
129	246
129	248
129	255
129	264
129	361
129	367
129	380
129	388
129	396
129	406
129	407
129	473
129	648
129	661
129	676
129	784
129	800
129	939
129	960
130	155
130	214
130	274
130	306
130	317
130	382
130	394
130	415
130	443
130	458
130	463
130	468
130	572
130	590
130	634
130	644
130	662
130	754
130	784
130	819
130	858
130	897
131	135
131	187
131	218
131	240
131	248
131	278
131	325
131	410
131	453
131	484
131	528
131	594
131	645
131	652
131	690
131	737
131	840
131	932
131	953
131	967
132	135
132	149
132	159
132	192
132	209
132	236
132	249
132	294
132	361
132	426
132	462
132	529
132	695
132	709
132	715
132	780
132	827
132	839
132	913
132	986
133	165
133	186
133	192
133	275
133	283
133	385
133	429
133	441
133	448
133	559
133	662
133	709
133	784
133	875
133	899
133	924
133	973
134	172
134	177
134	280
134	308
134	327
134	350
134	363
134	409
134	521
134	570
134	584
134	597
134	629
134	682
134	727
134	802
134	842
134	927
135	149
135	150
135	169
135	208
135	218
135	223
135	274
135	275
135	383
135	402
135	467
135	504
135	540
135	602
135	637
135	690
135	713
135	736
135	739
135	756
135	780
135	874
136	139
136	160
136	161
136	163
136	189
136	198
136	215
136	245
136	267
136	273
136	326
136	363
136	366
136	403
136	475
136	564
136	581
136	602
136	603
136	676
136	711
136	726
136	791
136	924
136	955
136	973
137	153
137	159
137	193
137	202
137	257
137	261
137	276
137	281
137	427
137	433
137	468
137	499
137	563
137	588
137	608
137	625
137	631
137	778
137	961
137	971
138	158
138	265
138	307
138	322
138	331
138	452
138	471
138	509
138	558
138	651
138	709
138	736
138	744
138	765
138	793
138	801
138	822
138	927
138	929
139	178
139	182
139	236
139	255
139	292
139	342
139	346
139	350
139	392
139	399
139	408
139	447
139	457
139	460
139	510
139	547
139	687
139	701
139	780
139	836
139	928
140	143
140	184
140	225
140	238
140	245
140	299
140	303
140	334
140	341
140	349
140	355
140	401
140	425
140	432
140	440
140	481
140	489
140	500
140	509
140	619
140	685
140	732
140	756
140	904
140	907
140	985
141	197
141	216
141	219
141	235
141	250
141	267
141	309
141	531
141	570
141	586
141	596
141	638
141	808
141	914
141	917
141	982
141	993
142	179
142	209
142	237
142	238
142	240
142	265
142	294
142	295
142	307
142	324
142	327
142	350
142	392
142	434
142	521
142	671
142	705
142	759
142	816
142	842
142	896
142	964
143	198
143	233
143	250
143	252
143	293
143	298
143	319
143	324
143	430
143	470
143	518
143	541
143	587
143	604
143	614
143	629
143	743
143	751
143	811
143	834
144	161
144	167
144	189
144	198
144	225
144	235
144	255
144	266
144	396
144	421
144	439
144	474
144	620
144	640
144	645
144	771
144	943
144	987
144	993
145	147
145	211
145	236
145	243
145	244
145	276
145	281
145	294
145	317
145	340
145	487
145	493
145	632
145	705
145	723
145	804
145	815
145	816
145	896
145	964
146	167
146	170
146	213
146	220
146	233
146	260
146	274
146	275
146	322
146	382
146	384
146	389
146	390
146	528
146	851
146	894
146	907
147	153
147	186
147	199
147	210
147	251
147	271
147	272
147	493
147	548
147	600
147	697
147	701
147	748
147	757
147	776
147	785
147	809
147	818
147	940
147	965
148	154
148	193
148	197
148	219
148	250
148	339
148	346
148	378
148	448
148	557
148	604
148	638
148	657
148	666
148	706
148	849
148	904
148	928
148	953
149	173
149	201
149	219
149	243
149	265
149	285
149	300
149	324
149	339
149	404
149	524
149	530
149	609
149	826
149	828
149	868
149	912
149	933
149	950
149	983
150	157
150	257
150	264
150	273
150	299
150	336
150	415
150	478
150	497
150	510
150	559
150	599
150	620
150	669
150	792
150	813
150	820
150	825
150	845
150	923
150	992
151	169
151	200
151	230
151	265
151	295
151	314
151	327
151	334
151	339
151	506
151	547
151	553
151	584
151	671
151	902
151	928
152	157
152	164
152	179
152	189
152	213
152	242
152	258
152	260
152	284
152	316
152	320
152	327
152	399
152	448
152	507
152	543
152	561
152	589
152	604
152	712
152	854
152	951
153	155
153	173
153	194
153	248
153	347
153	401
153	437
153	518
153	556
153	566
153	595
153	681
153	692
153	719
153	773
153	793
153	851
154	159
154	244
154	254
154	279
154	282
154	354
154	396
154	446
154	565
154	576
154	636
154	664
154	692
154	727
154	758
154	901
154	945
154	996
155	160
155	161
155	194
155	196
155	220
155	231
155	241
155	361
155	382
155	415
155	566
155	572
155	634
155	849
155	868
155	897
155	921
155	925
155	958
155	964
156	165
156	187
156	221
156	225
156	229
156	261
156	276
156	312
156	313
156	384
156	494
156	507
156	611
156	664
156	738
156	758
156	759
156	790
156	846
156	871
157	167
157	177
157	228
157	275
157	292
157	313
157	334
157	389
157	501
157	512
157	624
157	647
157	704
157	749
157	918
157	976
158	166
158	186
158	252
158	285
158	342
158	365
158	403
158	420
158	424
158	446
158	495
158	519
158	605
158	790
158	830
158	839
158	917
158	925
158	939
158	972
159	205
159	265
159	279
159	308
159	314
159	331
159	363
159	366
159	471
159	503
159	522
159	531
159	554
159	594
159	610
159	693
159	853
159	925
160	215
160	225
160	247
160	255
160	330
160	351
160	462
160	495
160	585
160	785
160	786
160	912
160	916
160	932
160	946
160	975
161	172
161	181
161	192
161	197
161	235
161	285
161	311
161	495
161	525
161	596
161	627
161	642
161	646
161	672
161	709
161	811
161	902
161	961
161	968
162	191
162	194
162	218
162	226
162	231
162	303
162	306
162	335
162	346
162	374
162	377
162	404
162	470
162	483
162	523
162	595
162	603
162	646
162	727
162	776
162	841
162	968
163	281
163	317
163	337
163	368
163	473
163	476
163	484
163	676
163	724
163	738
163	829
163	868
163	934
163	956
163	971
164	170
164	208
164	267
164	271
164	320
164	331
164	345
164	347
164	381
164	564
164	575
164	616
164	630
164	663
164	749
164	763
164	778
164	785
164	866
164	909
164	944
165	193
165	213
165	236
165	306
165	315
165	412
165	522
165	528
165	533
165	546
165	558
165	593
165	819
165	866
165	878
165	900
165	915
165	986
166	181
166	244
166	310
166	320
166	519
166	525
166	526
166	590
166	628
166	674
166	678
166	732
166	760
166	892
167	235
167	321
167	344
167	371
167	414
167	519
167	535
167	628
167	669
167	683
167	684
167	755
167	806
167	821
167	849
168	187
168	236
168	247
168	263
168	277
168	342
168	356
168	405
168	452
168	458
168	492
168	563
168	591
168	730
168	797
168	853
168	919
168	946
169	214
169	216
169	237
169	253
169	263
169	314
169	358
169	361
169	566
169	576
169	584
169	617
169	625
169	626
169	644
169	762
169	795
169	816
170	180
170	185
170	186
170	188
170	207
170	232
170	236
170	342
170	480
170	498
170	520
170	563
170	585
170	586
170	747
170	877
170	880
171	211
171	230
171	247
171	271
171	305
171	317
171	408
171	429
171	483
171	491
171	536
171	558
171	613
171	695
171	699
171	711
171	787
171	791
171	861
171	882
171	892
172	187
172	240
172	250
172	268
172	333
172	346
172	396
172	439
172	479
172	578
172	616
172	631
172	648
172	709
172	881
172	959
172	982
173	227
173	279
173	376
173	427
173	436
173	472
173	544
173	618
173	630
173	645
173	666
173	735
173	830
173	833
173	851
173	947
173	981
174	207
174	230
174	248
174	268
174	284
174	368
174	376
174	380
174	389
174	414
174	436
174	472
174	603
174	618
174	704
174	882
175	176
175	185
175	186
175	188
175	197
175	301
175	317
175	359
175	398
175	436
175	438
175	769
175	787
175	809
175	814
175	846
175	939
176	186
176	193
176	215
176	252
176	291
176	305
176	376
176	465
176	519
176	536
176	581
176	614
176	650
176	683
176	708
176	733
176	790
176	799
176	854
177	186
177	197
177	226
177	227
177	276
177	306
177	607
177	653
177	708
177	726
177	804
177	816
177	874
177	938
178	205
178	231
178	255
178	306
178	377
178	413
178	435
178	507
178	510
178	513
178	538
178	583
178	606
178	657
178	813
178	891
178	918
178	935
179	195
179	203
179	221
179	237
179	386
179	451
179	557
179	604
179	619
179	661
179	669
179	774
179	835
179	916
179	976
180	211
180	238
180	240
180	257
180	262
180	353
180	377
180	393
180	395
180	441
180	472
180	553
180	562
180	662
180	670
180	677
180	754
180	892
180	978
181	196
181	199
181	223
181	226
181	270
181	276
181	286
181	305
181	341
181	356
181	373
181	411
181	453
181	500
181	621
181	626
181	702
181	854
181	937
182	192
182	235
182	248
182	249
182	262
182	340
182	345
182	360
182	404
182	631
182	645
182	701
182	845
182	867
182	912
182	979
182	983
183	190
183	207
183	210
183	269
183	279
183	408
183	506
183	518
183	638
183	645
183	760
183	899
183	920
183	951
183	952
183	959
183	972
183	1000
184	204
184	234
184	238
184	251
184	252
184	297
184	371
184	372
184	516
184	517
184	541
184	590
184	725
184	811
184	833
184	834
184	852
184	869
184	933
184	962
185	226
185	251
185	291
185	375
185	376
185	403
185	442
185	546
185	556
185	599
185	735
185	831
185	856
185	895
185	929
185	981
185	998
186	297
186	299
186	330
186	334
186	336
186	356
186	390
186	439
186	571
186	582
186	655
186	698
186	702
186	823
187	206
187	251
187	306
187	381
187	391
187	401
187	407
187	413
187	421
187	488
187	492
187	526
187	653
187	719
187	791
187	817
187	863
187	996
188	224
188	249
188	374
188	378
188	412
188	413
188	420
188	430
188	478
188	519
188	525
188	655
188	660
188	713
188	746
188	752
188	919
188	945
189	231
189	301
189	325
189	347
189	399
189	410
189	460
189	490
189	517
189	530
189	617
189	630
189	762
189	808
189	828
189	848
189	851
189	997
190	213
190	217
190	220
190	224
190	233
190	284
190	286
190	330
190	386
190	461
190	466
190	577
190	602
190	633
190	649
190	714
190	792
190	807
190	810
190	964
191	261
191	270
191	319
191	331
191	415
191	418
191	468
191	482
191	526
191	538
191	596
191	623
191	764
191	802
191	817
191	898
191	971
192	209
192	221
192	231
192	233
192	292
192	344
192	384
192	533
192	556
192	692
192	711
192	803
192	849
192	887
192	905
192	935
193	217
193	263
193	276
193	278
193	334
193	444
193	475
193	484
193	511
193	715
193	937
193	948
194	304
194	333
194	423
194	570
194	575
194	619
194	651
194	695
194	706
194	716
194	779
194	822
194	823
194	838
194	876
194	913
195	214
195	253
195	258
195	341
195	360
195	383
195	421
195	432
195	473
195	571
195	601
195	626
195	650
195	652
195	739
195	751
195	788
195	797
195	840
195	899
195	936
195	981
196	276
196	281
196	288
196	290
196	425
196	459
196	545
196	601
196	663
196	675
196	858
196	916
197	264
197	329
197	365
197	388
197	396
197	429
197	446
197	609
197	611
197	642
197	654
197	728
197	732
197	943
198	199
198	207
198	351
198	419
198	432
198	480
198	536
198	575
198	595
198	635
198	684
198	693
198	770
199	203
199	269
199	280
199	310
199	431
199	486
199	495
199	562
199	613
199	640
199	641
199	673
199	800
199	808
199	823
199	848
199	926
200	235
200	255
200	302
200	376
200	597
200	625
200	662
200	757
200	838
200	910
200	926
200	938
200	978
201	223
201	257
201	286
201	296
201	306
201	363
201	368
201	400
201	434
201	471
201	520
201	598
201	639
201	642
201	760
201	795
201	802
202	204
202	241
202	250
202	270
202	279
202	281
202	287
202	358
202	385
202	393
202	553
202	563
202	644
202	665
202	692
202	744
202	768
202	815
203	241
203	246
203	272
203	291
203	315
203	382
203	400
203	402
203	499
203	596
203	862
203	910
203	915
203	918
203	957
203	997
204	208
204	225
204	245
204	270
204	277
204	280
204	299
204	329
204	352
204	382
204	392
204	445
204	523
204	531
204	588
204	673
204	692
204	724
205	216
205	267
205	268
205	279
205	306
205	317
205	344
205	357
205	414
205	473
205	573
205	644
205	828
205	847
205	976
205	999
206	220
206	221
206	228
206	293
206	383
206	384
206	445
206	450
206	503
206	513
206	516
206	556
206	557
206	582
206	598
206	620
206	805
206	950
206	980
207	216
207	242
207	280
207	287
207	384
207	431
207	493
207	498
207	547
207	603
207	696
207	745
207	891
207	943
208	271
208	337
208	460
208	466
208	470
208	556
208	634
208	676
208	679
208	734
208	746
208	786
208	848
208	887
208	968
209	222
209	242
209	260
209	273
209	282
209	389
209	447
209	450
209	528
209	656
209	677
209	742
209	787
209	916
209	952
210	263
210	266
210	303
210	410
210	479
210	485
210	551
210	729
210	743
210	789
210	799
210	879
210	915
210	931
211	216
211	283
211	330
211	353
211	433
211	464
211	479
211	552
211	609
211	639
211	727
211	825
212	250
212	269
212	285
212	301
212	304
212	327
212	436
212	492
212	517
212	595
212	621
212	635
212	649
212	684
212	706
212	743
212	845
212	972
212	993
213	233
213	258
213	287
213	295
213	308
213	341
213	442
213	465
213	543
213	581
213	627
213	632
213	738
213	811
213	917
214	253
214	262
214	287
214	296
214	309
214	328
214	342
214	361
214	456
214	565
214	592
214	688
214	737
214	781
214	796
214	815
214	835
214	935
214	982
215	240
215	314
215	329
215	347
215	433
215	460
215	502
215	536
215	633
215	768
215	781
215	788
215	801
215	822
215	864
215	865
216	233
216	286
216	423
216	510
216	537
216	578
216	673
216	761
216	809
216	905
216	948
217	221
217	233
217	328
217	348
217	387
217	447
217	514
217	532
217	591
217	678
217	693
217	710
217	725
217	882
217	944
217	945
218	231
218	290
218	445
218	492
218	521
218	592
218	626
218	637
218	659
218	739
218	822
218	835
218	967
218	982
218	987
218	993
219	298
219	340
219	354
219	435
219	449
219	477
219	581
219	591
219	680
219	695
219	717
219	760
219	806
219	883
220	256
220	265
220	278
220	283
220	315
220	343
220	359
220	390
220	460
220	465
220	591
220	668
220	677
220	748
220	791
220	794
221	236
221	287
221	323
221	518
221	543
221	606
221	899
221	972
222	308
222	320
222	326
222	354
222	416
222	423
222	499
222	513
222	535
222	632
222	650
222	766
222	830
222	901
222	996
222	999
223	248
223	297
223	312
223	375
223	384
223	390
223	452
223	594
223	658
223	852
223	867
224	355
224	359
224	364
224	418
224	435
224	458
224	511
224	515
224	679
224	699
224	812
224	831
224	870
225	228
225	309
225	323
225	356
225	359
225	381
225	393
225	424
225	453
225	715
225	722
225	878
225	905
225	971
226	269
226	293
226	337
226	369
226	383
226	402
226	500
226	597
226	646
226	665
226	689
226	690
226	765
226	771
226	869
227	256
227	303
227	499
227	507
227	583
227	623
227	634
227	639
227	734
227	755
227	775
227	968
227	980
227	999
228	254
228	256
228	272
228	301
228	387
228	450
228	459
228	497
228	522
228	612
228	661
228	839
228	896
228	911
229	232
229	257
229	299
229	345
229	385
229	404
229	446
229	473
229	479
229	569
229	586
229	597
229	691
229	708
229	736
229	771
229	935
230	270
230	336
230	443
230	450
230	481
230	622
230	669
230	710
230	745
230	755
230	766
230	851
230	953
231	241
231	314
231	354
231	366
231	608
231	633
231	703
231	749
231	822
231	987
232	237
232	241
232	282
232	360
232	395
232	398
232	405
232	465
232	474
232	476
232	592
232	714
232	958
233	384
233	544
233	772
233	782
233	903
233	920
234	269
234	290
234	303
234	330
234	408
234	422
234	475
234	521
234	522
234	819
234	846
234	849
234	880
234	978
235	282
235	301
235	360
235	409
235	495
235	545
235	584
235	615
235	679
236	272
236	393
236	395
236	550
236	664
236	744
236	890
237	253
237	256
237	278
237	378
237	380
237	445
237	484
237	514
237	576
237	626
237	792
237	881
238	276
238	304
238	355
238	452
238	485
238	498
238	565
238	648
238	793
238	922
238	956
239	341
239	361
239	369
239	434
239	465
239	477
239	510
239	608
239	612
239	740
239	767
239	860
239	890
239	965
239	984
240	249
240	262
240	353
240	632
240	681
240	744
241	286
241	302
241	304
241	372
241	460
241	505
241	552
241	602
241	703
241	778
241	855
242	282
242	296
242	299
242	311
242	391
242	392
242	426
242	490
242	524
242	630
242	710
242	729
242	859
242	942
243	318
243	362
243	377
243	405
243	418
243	457
243	465
243	482
243	554
243	570
243	668
243	675
243	687
243	699
243	832
243	864
243	966
244	359
244	473
244	527
244	672
244	740
244	851
244	883
244	895
245	291
245	365
245	422
245	430
245	463
245	502
245	535
245	594
245	615
245	616
245	620
245	673
245	976
246	408
246	429
246	457
246	501
246	517
246	535
246	596
246	610
246	663
246	710
246	747
246	979
246	987
247	320
247	340
247	391
247	449
247	459
247	475
247	513
247	561
247	619
247	626
247	693
247	801
247	821
247	895
247	960
248	310
248	380
248	386
248	409
248	483
248	507
248	527
248	531
248	596
248	694
248	711
248	864
248	942
249	297
249	315
249	335
249	454
249	495
249	514
249	538
249	543
249	550
249	583
249	698
249	784
249	867
249	996
250	434
250	447
250	503
250	681
250	794
250	808
250	859
250	903
251	277
251	310
251	342
251	369
251	425
251	452
251	604
251	632
251	635
251	648
251	766
251	812
251	946
252	261
252	272
252	301
252	323
252	330
252	358
252	423
252	435
252	474
252	693
252	716
252	821
252	885
252	971
253	297
253	346
253	418
253	496
253	591
253	653
253	667
253	711
253	731
253	796
253	827
253	961
253	975
253	990
254	266
254	291
254	296
254	326
254	497
254	506
254	568
254	628
254	700
254	707
254	723
254	761
254	809
254	883
254	886
255	334
255	338
255	363
255	403
255	446
255	481
255	582
255	694
255	728
255	744
256	261
256	299
256	405
256	425
256	427
256	474
256	664
256	940
257	289
257	328
257	359
257	393
257	464
257	469
257	587
257	651
257	944
257	955
258	324
258	325
258	348
258	410
258	421
258	422
258	652
258	737
258	827
258	890
259	260
259	324
259	413
259	421
259	428
259	429
259	456
259	462
259	644
259	686
259	690
259	715
259	720
259	742
259	756
259	835
259	967
260	273
260	336
260	346
260	483
260	502
260	532
260	555
260	712
260	734
260	873
260	874
260	966
261	330
261	368
261	404
261	418
261	515
261	575
261	609
261	634
261	746
261	755
261	757
262	326
262	328
262	459
262	474
262	552
262	557
262	620
262	686
262	988
263	270
263	310
263	397
263	440
263	452
263	529
263	562
263	661
263	699
263	735
263	937
264	277
264	299
264	316
264	378
264	455
264	584
264	671
264	937
264	974
265	295
265	374
265	503
265	609
265	625
265	811
265	852
265	978
266	279
266	395
266	399
266	459
266	511
266	547
266	603
266	709
266	854
267	275
267	288
267	304
267	361
267	403
267	418
267	433
267	436
267	505
267	880
267	940
268	281
268	434
268	462
268	487
268	568
268	578
268	712
268	736
268	815
268	816
268	856
268	965
269	283
269	311
269	323
269	345
269	397
269	439
269	444
269	640
270	298
270	323
270	338
270	366
270	397
270	470
270	783
270	923
270	963
270	972
271	284
271	299
271	352
271	387
271	431
271	462
271	483
271	535
271	832
271	954
272	274
272	308
272	310
272	386
272	577
272	579
272	589
272	694
272	824
272	847
273	301
273	315
273	387
273	389
273	535
273	546
273	662
273	669
273	711
273	716
273	795
273	884
273	965
274	374
274	394
274	421
274	508
274	587
274	615
274	736
274	765
274	889
274	900
274	933
275	319
275	328
275	383
275	402
275	497
275	588
275	717
275	805
275	824
275	889
275	919
275	977
276	432
276	452
276	555
276	565
276	718
276	809
277	321
277	343
277	416
277	424
277	450
277	632
277	766
277	949
278	374
278	392
278	433
278	456
278	496
278	522
278	601
278	700
278	711
278	720
278	771
278	950
278	998
279	283
279	428
279	502
279	628
279	679
279	726
279	761
279	912
280	282
280	406
280	408
280	464
280	483
280	584
280	645
280	651
280	660
280	689
280	713
280	747
281	387
281	394
281	599
281	643
281	685
281	801
281	996
282	435
282	629
282	802
282	821
282	922
283	311
283	376
283	465
283	543
283	577
283	637
283	754
283	772
283	798
283	831
284	326
284	420
284	706
284	767
284	786
284	787
284	876
284	902
285	309
285	403
285	555
285	600
285	640
285	655
285	694
285	978
286	346
286	700
286	705
286	758
286	791
286	850
286	958
287	293
287	344
287	357
287	392
287	636
287	656
287	734
287	817
287	897
288	290
288	320
288	368
288	607
288	688
288	710
288	876
288	885
288	915
289	367
289	573
289	614
289	633
289	723
289	827
289	862
289	885
289	914
290	308
290	503
290	578
290	663
290	670
290	707
290	739
290	771
290	797
290	911
291	297
291	378
291	501
291	545
291	840
291	955
291	966
292	309
292	336
292	337
292	458
292	575
292	583
292	618
292	710
292	796
292	836
292	951
292	993
292	994
292	997
293	397
293	486
293	502
293	593
293	679
293	782
293	811
293	901
293	921
294	391
294	458
294	469
294	477
294	546
294	638
294	686
294	735
294	831
294	843
294	889
294	941
294	970
295	353
295	380
295	383
295	727
295	730
295	758
295	768
295	787
295	829
295	901
295	960
295	975
296	484
296	576
296	601
296	679
296	720
296	735
296	753
296	796
296	959
296	994
297	343
297	366
297	394
297	420
297	530
297	727
297	859
297	889
297	972
298	306
298	333
298	382
298	391
298	430
298	532
298	827
298	882
298	897
298	990
299	553
299	574
299	914
299	915
299	959
300	394
300	398
300	409
300	416
300	459
300	524
300	559
300	644
300	680
300	762
300	769
300	850
300	982
301	408
301	514
301	607
301	700
301	723
301	876
301	929
301	932
301	950
301	994
302	391
302	437
302	464
302	531
302	557
302	632
302	639
302	746
302	905
303	330
303	339
303	351
303	449
303	461
303	562
303	564
303	569
303	665
303	686
303	734
303	934
304	381
304	409
304	444
304	490
304	519
304	520
304	609
304	774
305	353
305	355
305	398
305	415
305	419
305	453
305	470
305	591
305	678
305	890
305	901
306	426
306	463
306	508
306	616
306	918
307	362
307	368
307	382
307	390
307	392
307	540
307	546
307	735
308	342
308	360
308	398
308	407
308	418
308	431
308	607
308	788
308	844
309	355
309	360
309	384
309	443
309	629
309	698
309	733
309	924
310	350
310	465
310	482
310	643
310	691
310	742
310	743
310	869
310	893
311	312
311	324
311	402
311	523
311	527
311	540
311	616
311	997
312	333
312	361
312	521
312	609
312	647
312	686
312	752
312	796
312	799
312	865
312	988
313	335
313	348
313	393
313	440
313	469
313	471
313	480
313	615
313	619
313	716
313	728
313	879
314	347
314	372
314	464
314	536
314	552
314	624
314	745
315	372
315	392
315	539
315	544
315	562
315	687
315	714
315	810
315	924
315	964
316	320
316	372
316	388
316	393
316	550
316	778
316	838
316	936
316	980
316	1000
317	462
317	463
317	485
317	531
317	600
317	621
317	630
317	668
317	735
318	403
318	416
318	431
318	448
318	547
318	571
318	604
318	704
318	742
318	823
318	833
318	890
318	906
319	324
319	325
319	489
319	493
319	523
319	617
319	630
319	685
319	746
319	912
319	977
319	989
320	363
320	364
320	619
320	712
320	830
320	833
320	841
320	876
321	450
321	593
321	659
321	796
321	874
321	958
321	977
321	999
322	400
322	494
322	567
322	575
322	621
322	641
322	654
322	831
322	856
322	881
322	957
323	330
323	500
323	508
323	518
323	591
323	641
323	676
323	971
324	325
324	484
324	510
324	586
324	759
324	898
324	909
325	410
325	475
325	507
325	521
325	582
325	756
325	761
325	952
325	965
325	977
326	362
326	469
326	555
326	650
326	667
326	838
326	863
326	871
326	913
326	942
327	457
327	549
327	687
327	696
327	776
327	807
328	330
328	392
328	401
328	413
328	457
328	544
328	587
328	593
328	637
328	946
329	332
329	360
329	453
329	508
329	751
329	799
329	920
330	332
330	800
330	842
331	473
331	509
331	759
331	820
331	844
332	364
332	385
332	657
332	718
332	719
332	749
332	766
332	904
332	962
333	340
333	360
333	622
333	651
333	738
333	777
333	806
334	403
334	412
334	594
334	847
335	397
335	470
335	522
335	562
335	691
335	715
335	737
335	741
335	798
335	808
335	902
335	992
336	410
336	447
336	483
336	551
336	694
336	857
336	860
336	873
337	351
337	353
337	440
337	526
337	577
337	623
337	667
337	725
337	783
337	890
338	350
338	399
338	466
338	482
338	549
338	708
338	730
338	788
338	807
338	978
339	344
339	377
339	542
339	552
339	593
339	667
339	777
339	784
339	823
339	828
340	409
340	412
340	424
340	491
340	517
340	588
340	732
340	807
340	845
340	931
340	998
341	428
341	487
341	494
341	773
341	907
341	935
341	959
342	445
342	559
342	561
342	675
342	824
342	860
342	910
342	923
342	930
343	379
343	518
343	648
343	656
343	664
343	669
343	714
343	820
343	866
343	912
344	376
344	379
344	425
344	433
344	618
344	767
344	768
344	881
344	954
345	350
345	422
345	589
345	751
345	782
345	870
345	875
345	983
346	357
346	370
346	384
346	510
346	527
346	540
346	592
346	599
346	651
347	355
347	407
347	540
347	642
347	646
347	741
347	968
347	974
348	414
348	478
348	537
348	556
348	612
348	770
348	901
348	923
349	352
349	424
349	452
349	511
349	826
349	847
349	888
350	357
350	430
350	458
350	608
350	729
350	813
351	622
351	686
351	691
351	695
351	855
351	964
351	994
352	370
352	442
352	467
352	470
352	482
352	517
352	521
352	631
352	726
352	825
352	870
352	986
353	464
353	468
353	502
353	542
353	613
353	757
353	831
353	868
353	882
353	988
354	373
354	427
354	474
354	522
354	639
354	642
354	978
355	385
355	589
355	788
355	991
356	367
356	371
356	389
356	407
356	419
356	516
356	531
356	569
356	628
356	634
357	372
357	437
357	516
357	568
357	573
357	655
357	829
357	865
358	478
358	518
358	602
358	624
358	654
358	753
358	874
358	999
359	490
359	497
359	498
359	628
359	712
359	765
359	951
360	391
360	458
360	654
360	697
360	794
361	486
361	840
361	850
361	976
362	417
362	423
362	439
362	444
362	447
362	535
362	641
362	765
362	802
363	547
363	580
363	586
363	626
363	895
363	922
364	483
364	507
364	643
364	651
364	698
364	736
364	762
364	789
364	863
365	384
365	508
365	528
365	531
365	588
365	721
365	743
365	843
365	861
365	884
366	406
366	424
366	444
366	488
366	538
366	811
366	848
366	906
366	932
366	941
367	417
367	435
367	474
367	500
367	527
367	772
368	526
368	530
368	600
368	819
368	826
368	828
368	837
368	850
368	880
369	371
369	375
369	383
369	551
369	578
369	601
369	752
369	965
369	998
370	385
370	395
370	400
370	405
370	481
370	490
370	516
370	670
370	693
370	708
370	781
370	785
371	397
371	484
371	541
371	612
371	639
371	659
371	797
371	809
371	816
371	899
371	995
372	385
372	515
372	533
372	722
372	752
372	760
372	958
373	419
373	484
373	500
373	501
373	512
373	562
373	579
373	645
373	660
374	381
374	391
374	429
374	454
374	518
374	574
374	615
374	869
375	414
375	481
375	515
375	566
375	650
375	703
375	728
375	761
376	467
376	618
376	833
376	904
376	936
377	415
377	595
377	622
377	657
377	707
377	712
377	721
377	849
377	880
378	402
378	419
378	453
378	493
378	496
378	601
378	649
378	703
378	912
378	953
378	994
379	421
379	453
379	626
379	659
379	770
379	901
380	431
380	575
380	671
380	826
380	866
380	932
380	989
381	451
381	466
381	536
381	664
381	906
381	968
381	986
382	395
382	483
382	494
382	600
382	732
382	931
383	456
383	472
383	485
383	496
383	503
383	525
383	592
383	774
383	977
384	474
384	479
384	669
384	680
385	441
385	451
385	667
385	986
386	413
386	461
386	468
386	536
386	543
386	560
386	583
386	770
386	812
387	389
387	404
387	448
387	467
387	512
387	538
387	696
387	973
388	395
388	404
388	433
388	450
388	487
388	611
388	677
388	753
389	616
389	849
389	913
389	988
390	503
390	526
390	629
390	779
390	790
390	836
390	990
391	407
391	449
391	528
391	628
391	714
391	854
392	493
392	710
392	778
393	428
393	505
393	547
393	845
393	884
393	962
394	402
394	452
394	646
394	715
394	869
394	871
394	929
394	967
395	698
395	743
395	963
396	433
396	506
396	527
396	571
396	628
396	828
396	921
397	448
397	545
397	549
397	658
397	715
397	734
397	752
397	827
397	860
398	567
398	569
398	614
398	641
398	949
398	971
398	982
399	498
399	524
399	685
399	884
399	908
399	974
400	401
400	449
400	502
400	548
400	621
400	683
400	981
401	416
401	530
401	563
401	653
401	857
402	484
402	552
402	637
402	816
402	993
403	611
403	615
403	857
403	870
404	471
404	524
404	549
404	762
404	841
405	438
405	512
405	591
405	642
405	705
405	757
406	497
406	674
406	706
406	790
406	798
406	980
407	446
407	447
407	492
407	652
407	700
407	722
408	453
408	571
408	594
408	620
408	785
409	419
409	589
409	689
409	861
409	888
410	426
410	484
410	496
410	739
410	827
410	897
411	469
411	474
411	480
411	537
411	568
411	570
411	622
411	869
411	874
411	892
411	970
412	442
412	449
412	497
412	545
412	647
412	776
412	847
412	850
412	942
412	995
413	421
413	431
413	476
413	480
413	550
413	551
413	713
413	970
414	432
414	465
414	468
414	482
414	513
414	667
414	673
414	748
415	436
415	507
415	519
415	578
415	613
415	959
416	488
416	492
416	763
416	833
416	881
416	950
417	616
417	712
417	771
417	794
417	941
417	958
418	518
418	645
418	679
418	756
418	829
419	498
419	561
419	590
419	713
419	801
420	445
420	476
420	500
420	508
420	532
420	581
420	708
420	713
420	891
421	422
421	576
421	737
421	816
421	829
421	957
422	427
422	438
422	475
422	479
422	574
422	599
422	644
423	509
423	517
423	575
423	631
423	636
423	684
423	765
423	864
424	483
424	489
424	540
424	708
424	719
424	732
424	780
424	902
425	496
425	551
425	696
426	558
426	666
426	732
426	836
426	955
427	463
427	531
427	622
427	992
428	446
428	464
428	498
428	534
428	550
428	560
428	836
428	902
429	551
429	659
429	674
429	802
429	894
430	545
430	579
430	616
430	653
430	702
430	930
430	956
431	512
431	789
431	880
431	991
432	495
432	534
432	586
432	823
432	918
433	499
433	537
433	718
433	872
434	528
434	592
434	810
434	849
434	899
434	989
435	515
435	559
435	655
435	808
435	846
435	999
436	611
436	675
436	724
436	769
436	997
437	504
437	556
437	656
437	775
438	609
438	683
438	723
438	770
438	853
438	969
439	530
439	561
439	633
439	668
439	830
439	842
439	908
439	989
440	443
440	539
440	589
440	748
440	768
440	827
440	931
441	465
441	488
441	523
441	591
441	595
441	681
441	703
441	756
441	800
442	549
442	664
442	719
442	754
442	900
442	979
443	492
443	832
443	851
443	973
443	976
444	486
444	505
444	588
444	624
444	884
445	450
445	682
445	772
445	858
445	896
446	466
446	529
446	550
446	573
446	896
447	460
447	620
447	689
447	801
447	958
448	454
448	533
448	552
448	555
448	955
448	989
449	588
449	650
449	766
450	513
450	658
450	700
450	770
451	542
451	614
451	696
451	748
451	859
451	894
451	913
451	987
452	467
452	655
452	704
453	484
453	519
453	592
453	622
453	797
453	965
454	748
454	772
454	826
454	844
454	879
454	919
455	560
455	568
455	603
455	615
455	843
455	867
455	893
456	526
456	548
456	555
456	834
456	898
456	936
456	963
457	493
457	637
457	642
457	649
457	694
457	704
457	715
457	864
458	517
458	526
458	543
458	909
458	949
459	506
459	519
459	675
459	703
459	763
459	937
459	957
460	578
460	690
460	695
460	820
461	539
461	770
461	799
462	555
462	621
462	837
462	913
463	491
463	501
463	569
463	630
463	697
463	747
463	754
463	990
464	580
464	595
464	802
464	860
464	904
464	929
465	931
466	635
466	648
466	705
466	813
466	841
467	471
467	500
467	544
467	707
467	934
467	976
468	502
468	728
468	744
468	818
469	506
469	749
469	762
469	775
470	579
470	680
470	789
470	818
471	715
472	480
472	524
472	533
472	549
472	779
472	788
472	802
472	861
473	527
473	696
473	796
473	900
473	987
474	555
474	717
474	958
474	996
475	524
475	532
475	665
475	716
475	819
475	933
475	939
475	959
476	729
477	672
477	759
477	765
477	814
477	820
477	865
478	538
478	539
478	593
478	770
478	979
479	643
479	658
479	862
479	970
480	494
480	528
480	623
480	674
480	683
481	510
481	527
481	555
481	572
481	799
481	855
481	952
482	549
482	598
482	635
482	682
482	698
482	711
482	808
482	848
483	498
483	569
483	604
483	615
483	730
484	643
484	688
484	898
485	603
485	758
485	776
485	866
485	898
485	932
486	490
486	585
486	651
486	658
486	684
486	737
486	747
486	752
486	841
487	513
487	537
487	577
487	655
487	662
487	725
487	874
488	520
488	636
488	743
488	900
488	937
488	946
488	975
489	600
489	656
489	669
489	694
489	707
489	793
490	530
490	537
490	680
490	705
490	724
490	725
490	850
491	618
491	620
491	657
491	703
491	734
491	832
491	838
491	985
492	553
492	561
492	670
492	803
492	817
492	915
492	997
493	626
493	647
493	679
493	786
493	857
494	685
494	947
495	501
495	553
495	636
495	751
496	584
496	603
496	623
496	731
497	540
497	776
497	826
497	858
497	913
498	792
498	848
498	1000
499	601
499	721
499	792
499	804
499	815
499	880
499	970
500	545
500	568
501	560
501	690
501	732
502	546
502	677
502	678
502	810
503	562
503	701
503	907
503	965
504	505
504	508
504	511
504	526
504	529
504	650
504	703
504	840
505	546
505	670
505	789
505	885
505	924
505	944
505	982
506	582
506	650
506	824
506	833
506	947
507	536
507	724
507	763
507	834
508	652
508	804
508	815
508	883
508	934
509	518
509	658
509	671
509	850
509	961
510	565
510	597
510	643
511	542
511	566
511	625
511	962
512	574
512	769
512	789
512	1000
513	577
513	847
513	972
514	665
514	701
514	722
514	857
515	520
515	607
515	627
515	919
515	935
516	535
516	603
516	625
517	610
517	630
517	758
518	580
518	709
518	780
519	583
519	894
520	590
520	602
520	630
520	671
520	867
520	877
521	580
521	775
521	778
522	534
522	811
522	865
523	542
523	583
523	629
523	783
524	559
524	587
524	666
524	808
525	546
525	588
525	794
525	798
526	596
526	724
526	863
527	698
527	933
527	951
528	693
528	714
528	791
528	862
529	631
529	670
529	697
529	896
530	598
530	765
530	812
530	848
531	541
531	677
531	821
531	937
532	536
532	590
532	757
532	791
532	861
533	537
533	599
533	694
534	734
534	865
534	948
534	991
535	667
535	897
535	905
535	922
536	676
536	801
537	551
537	621
537	680
537	773
537	904
538	598
538	846
538	928
539	606
539	679
539	721
539	723
539	742
539	785
539	914
540	569
540	590
540	639
540	768
540	911
541	574
541	605
541	689
541	709
541	798
541	896
541	966
541	982
542	571
542	612
542	736
542	769
542	900
543	649
543	788
543	793
543	818
543	975
544	566
544	698
544	764
544	798
544	813
544	814
544	817
545	814
545	982
546	668
546	778
546	932
547	667
547	679
547	714
547	807
548	571
548	627
548	712
548	754
548	865
548	908
548	984
549	659
549	885
549	887
550	886
551	610
551	625
551	748
551	922
552	595
552	713
552	751
552	792
552	989
553	579
553	686
553	979
554	612
554	737
554	819
554	849
554	860
554	926
555	615
555	941
556	696
556	740
557	750
557	872
558	673
558	840
558	924
559	609
559	819
559	978
560	769
561	615
561	667
561	775
561	789
561	823
562	646
562	869
562	906
562	927
563	723
563	810
564	614
564	709
564	724
564	725
564	800
564	892
564	961
564	974
565	863
565	983
566	572
566	592
566	714
566	866
566	877
567	682
567	745
567	776
567	879
567	891
567	914
568	576
568	798
568	831
568	957
569	688
569	937
569	942
570	630
570	640
570	664
570	844
570	940
571	681
571	714
571	903
571	930
572	628
572	653
572	702
573	740
573	768
574	683
574	781
574	892
575	888
575	964
575	986
576	784
577	594
577	615
577	779
577	847
577	985
578	608
579	590
579	738
579	759
579	803
580	622
580	693
580	777
580	803
580	938
581	594
581	805
581	813
581	859
581	935
582	588
582	614
582	637
582	675
582	722
582	833
583	852
583	941
583	955
584	792
584	809
585	660
585	812
585	856
585	875
585	924
585	995
586	731
586	800
586	924
587	656
587	829
587	983
587	992
589	605
589	688
589	839
590	752
590	817
590	873
591	722
592	762
592	903
593	623
593	887
594	798
594	844
595	742
595	806
596	840
596	887
597	655
597	718
597	887
598	605
598	656
598	729
598	871
599	623
599	916
599	985
600	821
600	852
601	663
601	666
601	805
601	831
601	894
602	611
602	665
602	687
602	765
602	985
603	688
603	879
603	923
603	970
604	724
604	774
605	669
605	751
605	759
606	658
606	778
606	811
606	883
606	971
607	700
607	837
609	643
610	879
610	910
610	991
611	703
611	871
612	638
613	618
613	649
613	763
613	771
613	940
614	641
614	777
614	859
615	695
615	829
616	969
617	668
617	762
617	845
617	892
617	912
617	942
617	994
618	791
618	897
618	993
619	686
619	716
619	749
619	818
620	695
620	704
620	870
621	727
621	737
621	994
622	777
622	864
622	889
623	654
623	879
624	734
624	801
624	848
624	860
624	907
625	772
625	819
625	895
625	940
625	951
626	690
627	717
627	877
627	907
628	981
629	729
629	828
629	910
630	930
631	674
631	698
631	746
631	800
632	668
632	722
632	842
633	797
633	864
633	871
633	984
634	774
634	976
635	853
635	953
636	680
636	863
636	995
637	649
637	724
637	776
637	898
637	917
638	662
638	730
639	674
639	802
639	910
640	876
641	659
641	854
641	918
642	811
642	949
643	883
643	912
644	681
644	710
645	703
645	744
645	795
646	678
646	691
646	906
646	929
646	932
648	920
648	933
649	738
649	807
650	688
650	835
651	790
651	839
651	990
652	771
652	840
652	844
652	848
652	865
653	857
653	863
653	885
654	700
654	730
654	950
655	688
655	767
655	930
656	687
656	733
656	833
656	918
657	675
657	757
657	758
657	952
658	672
658	764
659	687
659	773
659	989
660	680
660	694
660	758
660	806
660	831
661	886
662	760
662	919
663	741
663	857
663	865
663	866
663	876
664	991
665	809
666	810
668	860
669	677
669	936
670	741
670	797
670	900
671	689
671	715
671	877
671	884
672	748
672	759
673	704
673	752
673	786
674	702
674	924
675	777
675	908
675	936
675	946
675	969
676	939
677	845
678	799
678	839
678	845
678	886
680	764
680	846
680	977
681	795
681	899
681	964
681	998
682	944
683	750
683	952
684	705
684	713
684	764
684	803
685	979
686	921
687	755
687	781
687	838
687	891
688	931
688	963
689	832
690	731
690	805
690	816
690	920
691	706
691	711
691	841
691	933
692	711
692	887
693	817
693	885
694	858
695	753
697	714
697	730
697	904
697	923
697	996
698	803
699	782
699	784
699	794
699	868
699	891
699	960
700	827
700	950
701	901
702	703
702	772
702	791
702	969
704	725
704	753
704	921
704	986
705	924
705	948
705	949
706	818
706	858
706	962
707	799
707	880
707	903
708	953
709	777
709	902
710	754
712	971
714	786
716	747
716	750
716	785
716	878
716	911
717	855
718	748
718	769
718	878
719	731
719	983
720	731
720	792
720	795
720	938
720	974
720	975
720	994
720	998
721	836
721	914
721	965
721	977
722	796
722	803
723	786
723	943
725	728
725	923
726	824
726	920
727	782
727	908
727	993
728	833
729	922
729	960
730	837
732	949
732	952
733	789
733	927
733	954
733	981
733	995
734	745
735	925
736	826
736	838
737	875
738	812
738	872
738	961
739	779
739	788
739	884
739	943
740	759
740	947
741	772
741	806
741	885
743	956
744	774
744	820
744	914
745	758
745	889
746	777
747	911
747	917
748	763
749	763
749	874
749	906
749	920
750	763
750	873
751	940
752	787
753	795
753	888
753	987
754	936
756	819
756	940
756	942
758	909
761	861
762	942
762	994
763	986
764	983
765	843
767	837
767	872
767	894
767	926
767	945
768	945
769	864
771	805
771	979
773	869
773	956
775	821
775	862
775	927
775	977
776	825
778	807
778	985
779	973
780	824
780	836
781	807
781	870
781	872
781	877
781	946
782	929
783	808
783	829
783	852
783	903
784	793
784	966
785	954
786	799
787	889
787	907
788	984
789	985
790	834
790	966
791	822
792	821
792	851
794	988
795	939
796	867
797	946
797	977
797	999
798	923
800	983
801	893
801	954
804	823
805	892
806	886
806	899
806	922
810	879
811	834
812	870
813	979
814	916
815	943
816	891
817	820
818	967
819	941
821	891
822	895
824	954
825	887
826	845
826	990
827	893
828	928
829	934
830	888
830	926
832	910
832	951
835	845
835	954
836	930
838	927
838	985
840	901
840	948
840	977
841	915
841	947
842	936
842	945
843	901
843	999
844	881
844	918
847	858
847	909
847	992
852	948
852	960
854	917
855	930
856	882
859	967
860	981
861	990
863	890
868	991
868	998
869	939
870	898
871	926
872	988
875	936
875	973
876	877
877	917
878	907
878	969
879	893
883	958
883	982
884	944
884	955
884	988
886	955
886	969
887	945
890	976
893	973
894	905
895	1000
897	967
898	967
898	987
899	923
900	973
903	959
904	941
905	916
905	955
908	997
909	995
911	962
912	927
919	991
920	944
926	933
928	929
930	980
943	975
947	953
948	978
952	990
956	967
961	992
962	1000
970	984
973	984
986	1000
