1	3
1	9
1	15
1	16
1	23
1	33
1	38
1	46
1	62
1	100
1	124
1	177
1	181
1	208
1	214
1	215
1	234
1	256
1	266
1	267
1	292
1	300
1	322
1	326
1	333
1	366
1	400
1	421
1	427
1	459
1	462
1	467
1	468
1	475
1	504
1	513
1	516
1	583
1	616
1	619
1	672
1	722
1	735
1	792
1	799
1	816
1	836
1	852
1	876
1	939
2	9
2	10
2	17
2	25
2	31
2	55
2	59
2	79
2	80
2	119
2	124
2	140
2	176
2	210
2	232
2	237
2	239
2	247
2	269
2	274
2	281
2	284
2	286
2	297
2	307
2	325
2	371
2	381
2	385
2	416
2	426
2	461
2	580
2	596
2	628
2	641
2	663
2	666
2	677
2	680
2	713
2	783
2	819
2	872
2	888
2	895
2	960
2	984
2	988
3	25
3	28
3	78
3	115
3	122
3	131
3	139
3	141
3	155
3	175
3	197
3	199
3	218
3	232
3	245
3	259
3	262
3	279
3	301
3	306
3	308
3	310
3	320
3	358
3	385
3	403
3	483
3	489
3	511
3	530
3	533
3	549
3	555
3	608
3	642
3	653
3	660
3	681
3	694
3	797
3	831
3	838
3	843
3	865
3	886
3	904
3	937
3	966
4	8
4	22
4	30
4	50
4	52
4	70
4	106
4	126
4	149
4	162
4	196
4	204
4	209
4	212
4	217
4	245
4	251
4	258
4	262
4	267
4	276
4	296
4	304
4	321
4	324
4	343
4	347
4	380
4	387
4	388
4	395
4	441
4	446
4	449
4	559
4	578
4	607
4	627
4	643
4	650
4	772
4	821
4	844
4	873
4	895
4	917
4	944
4	953
4	985
5	35
5	38
5	39
5	40
5	46
5	50
5	79
5	81
5	85
5	108
5	109
5	127
5	130
5	131
5	148
5	162
5	164
5	175
5	194
5	206
5	219
5	221
5	235
5	298
5	299
5	315
5	318
5	327
5	352
5	365
5	378
5	389
5	397
5	416
5	418
5	447
5	498
5	527
5	572
5	599
5	600
5	604
5	618
5	638
5	646
5	775
5	782
5	889
5	950
6	20
6	23
6	24
6	38
6	48
6	64
6	87
6	88
6	136
6	172
6	205
6	220
6	227
6	230
6	236
6	299
6	324
6	335
6	362
6	370
6	376
6	400
6	434
6	454
6	462
6	474
6	480
6	497
6	556
6	579
6	585
6	595
6	598
6	614
6	687
6	689
6	737
6	741
6	761
6	766
6	773
6	787
6	790
6	897
6	900
6	936
6	961
6	972
7	14
7	16
7	23
7	25
7	35
7	37
7	38
7	45
7	47
7	48
7	82
7	84
7	94
7	109
7	123
7	129
7	133
7	145
7	166
7	171
7	182
7	201
7	224
7	250
7	270
7	332
7	375
7	377
7	442
7	450
7	464
7	505
7	518
7	567
7	581
7	589
7	592
7	612
7	624
7	726
7	731
7	779
7	784
7	834
7	892
7	914
7	945
7	954
8	22
8	50
8	70
8	82
8	106
8	117
8	121
8	149
8	157
8	165
8	189
8	204
8	206
8	212
8	214
8	217
8	233
8	251
8	280
8	296
8	331
8	336
8	341
8	343
8	347
8	357
8	393
8	395
8	446
8	455
8	491
8	523
8	630
8	650
8	669
8	771
8	795
8	822
8	849
8	908
8	944
8	953
8	977
8	985
8	990
8	1000
9	16
9	21
9	33
9	62
9	74
9	100
9	117
9	156
9	157
9	171
9	208
9	213
9	214
9	215
9	222
9	234
9	242
9	256
9	257
9	266
9	287
9	326
9	333
9	366
9	419
9	432
9	459
9	468
9	475
9	516
9	672
9	686
9	695
9	729
9	753
9	792
9	836
9	856
9	868
9	876
9	912
9	936
9	939
9	964
9	984
10	17
10	19
10	26
10	31
10	46
10	59
10	60
10	119
10	133
10	140
10	156
10	176
10	207
10	212
10	246
10	247
10	274
10	286
10	295
10	319
10	325
10	342
10	344
10	384
10	391
10	398
10	460
10	487
10	563
10	580
10	581
10	591
10	610
10	628
10	662
10	663
10	677
10	684
10	776
10	783
10	843
10	871
10	885
10	888
10	917
10	920
11	20
11	21
11	35
11	58
11	60
11	74
11	81
11	86
11	101
11	108
11	109
11	118
11	122
11	127
11	162
11	164
11	165
11	208
11	219
11	221
11	263
11	271
11	289
11	293
11	298
11	315
11	350
11	389
11	455
11	477
11	498
11	502
11	548
11	557
11	600
11	604
11	609
11	617
11	618
11	642
11	646
11	760
11	866
11	941
11	948
11	960
12	13
12	19
12	21
12	22
12	25
12	32
12	40
12	54
12	63
12	68
12	70
12	71
12	82
12	87
12	154
12	158
12	171
12	172
12	174
12	175
12	184
12	193
12	228
12	243
12	263
12	276
12	283
12	342
12	353
12	364
12	467
12	486
12	494
12	499
12	564
12	585
12	618
12	684
12	685
12	710
12	749
12	777
12	817
12	930
12	960
12	967
13	17
13	40
13	54
13	57
13	63
13	68
13	78
13	80
13	115
13	154
13	158
13	171
13	174
13	184
13	206
13	243
13	269
13	270
13	278
13	337
13	353
13	362
13	375
13	470
13	492
13	494
13	499
13	514
13	538
13	563
13	564
13	567
13	585
13	630
13	649
13	684
13	789
13	818
13	820
13	842
13	856
13	861
13	920
13	960
13	965
14	25
14	37
14	38
14	45
14	47
14	48
14	103
14	112
14	120
14	121
14	129
14	133
14	170
14	182
14	190
14	191
14	193
14	205
14	250
14	260
14	269
14	270
14	309
14	332
14	361
14	367
14	435
14	442
14	449
14	473
14	519
14	525
14	532
14	547
14	567
14	600
14	611
14	615
14	629
14	630
14	639
14	665
14	702
14	982
15	19
15	65
15	98
15	102
15	120
15	125
15	147
15	151
15	159
15	164
15	186
15	192
15	198
15	200
15	213
15	223
15	227
15	261
15	262
15	264
15	272
15	282
15	328
15	334
15	372
15	409
15	422
15	448
15	450
15	456
15	465
15	504
15	536
15	537
15	579
15	597
15	696
15	742
15	764
15	782
15	791
15	859
15	922
15	969
16	30
16	33
16	62
16	77
16	100
16	119
16	149
16	150
16	156
16	182
16	208
16	215
16	234
16	266
16	267
16	294
16	297
16	322
16	326
16	406
16	419
16	421
16	459
16	475
16	535
16	554
16	568
16	571
16	672
16	674
16	678
16	792
16	825
16	836
16	837
16	852
16	857
16	868
16	916
16	956
16	968
16	976
17	22
17	32
17	34
17	59
17	62
17	65
17	115
17	119
17	128
17	137
17	161
17	163
17	182
17	187
17	207
17	232
17	237
17	247
17	274
17	300
17	325
17	342
17	385
17	416
17	458
17	478
17	496
17	512
17	528
17	590
17	591
17	596
17	601
17	662
17	673
17	778
17	885
17	888
17	895
17	923
17	988
18	23
18	27
18	52
18	56
18	57
18	65
18	67
18	72
18	114
18	152
18	179
18	200
18	223
18	228
18	253
18	288
18	356
18	357
18	359
18	393
18	399
18	407
18	430
18	441
18	456
18	482
18	507
18	560
18	570
18	594
18	631
18	636
18	637
18	681
18	723
18	743
18	835
18	860
18	874
18	890
18	895
18	898
18	924
18	933
19	22
19	29
19	49
19	61
19	102
19	121
19	125
19	153
19	159
19	180
19	183
19	201
19	213
19	230
19	271
19	272
19	282
19	288
19	291
19	303
19	308
19	334
19	349
19	381
19	412
19	437
19	450
19	488
19	566
19	666
19	671
19	674
19	716
19	765
19	785
19	788
19	796
19	922
19	927
19	942
19	980
20	31
20	35
20	58
20	73
20	85
20	86
20	92
20	105
20	108
20	109
20	115
20	122
20	194
20	217
20	221
20	235
20	244
20	247
20	315
20	352
20	367
20	379
20	415
20	426
20	496
20	538
20	572
20	618
20	642
20	655
20	662
20	667
20	685
20	686
20	706
20	738
20	750
20	753
20	855
20	866
20	941
21	34
21	68
21	77
21	79
21	85
21	92
21	104
21	111
21	113
21	124
21	175
21	185
21	193
21	226
21	248
21	265
21	280
21	281
21	328
21	338
21	361
21	420
21	424
21	447
21	466
21	542
21	569
21	683
21	691
21	707
21	711
21	738
21	758
21	785
21	812
21	828
21	846
21	847
21	879
21	901
22	30
22	50
22	54
22	61
22	81
22	126
22	134
22	149
22	152
22	165
22	189
22	204
22	217
22	245
22	251
22	281
22	312
22	324
22	343
22	347
22	348
22	359
22	376
22	395
22	405
22	446
22	479
22	607
22	633
22	655
22	668
22	712
22	795
22	826
22	844
22	869
22	899
22	990
23	27
23	56
23	57
23	65
23	67
23	152
23	175
23	179
23	331
23	364
23	388
23	399
23	407
23	430
23	432
23	441
23	495
23	515
23	562
23	594
23	623
23	631
23	681
23	696
23	720
23	743
23	748
23	775
23	779
23	809
23	819
23	835
23	855
23	870
23	915
23	924
23	930
23	935
23	987
24	26
24	27
24	64
24	83
24	87
24	88
24	105
24	136
24	208
24	233
24	240
24	242
24	264
24	276
24	299
24	329
24	335
24	365
24	376
24	400
24	406
24	408
24	434
24	443
24	454
24	484
24	518
24	544
24	554
24	616
24	653
24	654
24	661
24	741
24	755
24	806
24	831
24	879
24	883
24	900
24	972
25	37
25	43
25	47
25	55
25	73
25	121
25	129
25	158
25	166
25	170
25	177
25	191
25	221
25	269
25	299
25	329
25	332
25	492
25	500
25	505
25	506
25	525
25	527
25	530
25	551
25	554
25	562
25	665
25	673
25	728
25	734
25	749
25	784
25	810
25	834
25	921
25	938
26	28
26	29
26	48
26	64
26	87
26	88
26	89
26	105
26	195
26	220
26	225
26	228
26	238
26	242
26	260
26	264
26	299
26	335
26	355
26	376
26	402
26	454
26	484
26	546
26	551
26	566
26	595
26	623
26	635
26	647
26	654
26	666
26	687
26	689
26	712
26	741
26	755
26	802
26	922
26	936
27	53
27	56
27	57
27	64
27	67
27	72
27	86
27	152
27	158
27	174
27	187
27	200
27	217
27	253
27	288
27	298
27	356
27	362
27	393
27	407
27	430
27	490
27	495
27	507
27	549
27	550
27	559
27	560
27	651
27	677
27	681
27	743
27	745
27	808
27	846
27	855
27	870
27	951
27	983
28	51
28	55
28	99
28	111
28	131
28	139
28	141
28	155
28	167
28	172
28	197
28	199
28	262
28	275
28	279
28	301
28	306
28	310
28	320
28	352
28	358
28	369
28	403
28	411
28	432
28	483
28	510
28	511
28	533
28	549
28	620
28	660
28	719
28	749
28	797
28	853
28	882
28	955
28	966
28	989
29	52
29	61
29	97
29	98
29	102
29	125
29	134
29	159
29	180
29	198
29	220
29	224
29	271
29	273
29	291
29	306
29	308
29	312
29	351
29	372
29	373
29	395
29	418
29	422
29	510
29	539
29	561
29	620
29	683
29	697
29	720
29	891
29	906
29	927
29	940
29	942
29	943
29	954
29	989
30	50
30	70
30	106
30	126
30	149
30	169
30	189
30	215
30	216
30	221
30	222
30	238
30	245
30	276
30	281
30	321
30	327
30	345
30	348
30	387
30	395
30	446
30	449
30	452
30	463
30	479
30	485
30	632
30	637
30	643
30	659
30	668
30	772
30	823
30	835
30	908
30	909
30	977
31	32
31	51
31	56
31	73
31	96
31	107
31	109
31	114
31	138
31	142
31	160
31	176
31	209
31	229
31	286
31	304
31	345
31	369
31	371
31	402
31	452
31	453
31	469
31	480
31	526
31	575
31	645
31	659
31	682
31	687
31	800
31	802
31	807
31	881
31	889
31	943
31	995
31	997
32	50
32	51
32	66
32	73
32	84
32	94
32	96
32	107
32	114
32	138
32	142
32	148
32	150
32	160
32	209
32	229
32	237
32	277
32	308
32	314
32	321
32	369
32	380
32	452
32	464
32	469
32	510
32	526
32	573
32	598
32	659
32	690
32	692
32	717
32	727
32	732
32	864
32	940
33	48
33	54
33	62
33	80
33	100
33	105
33	113
33	117
33	128
33	156
33	179
33	208
33	214
33	215
33	222
33	234
33	253
33	267
33	322
33	333
33	335
33	366
33	406
33	432
33	462
33	467
33	475
33	513
33	515
33	516
33	552
33	678
33	695
33	799
33	815
33	852
33	877
33	968
34	38
34	48
34	50
34	52
34	60
34	77
34	79
34	88
34	91
34	99
34	130
34	186
34	193
34	203
34	218
34	280
34	302
34	338
34	374
34	414
34	466
34	487
34	552
34	569
34	599
34	605
34	617
34	691
34	700
34	709
34	722
34	760
34	816
34	850
34	879
34	882
34	902
34	930
34	990
35	38
35	67
35	81
35	85
35	101
35	115
35	127
35	148
35	162
35	173
35	205
35	211
35	219
35	221
35	258
35	315
35	318
35	327
35	343
35	350
35	367
35	405
35	419
35	477
35	501
35	572
35	604
35	609
35	646
35	655
35	782
35	894
35	896
35	907
35	910
35	943
35	948
36	39
36	66
36	77
36	90
36	97
36	105
36	112
36	135
36	143
36	145
36	151
36	163
36	173
36	178
36	231
36	236
36	249
36	313
36	339
36	386
36	391
36	393
36	394
36	408
36	431
36	439
36	441
36	452
36	593
36	604
36	607
36	644
36	721
36	728
36	746
36	812
36	833
36	878
36	970
36	973
36	978
37	38
37	43
37	47
37	75
37	121
37	134
37	135
37	161
37	177
37	182
37	190
37	191
37	224
37	226
37	227
37	270
37	295
37	332
37	334
37	392
37	417
37	427
37	508
37	532
37	555
37	568
37	592
37	596
37	603
37	621
37	632
37	649
37	665
37	779
37	798
37	866
37	892
37	907
38	121
38	133
38	170
38	190
38	191
38	201
38	224
38	233
38	235
38	239
38	295
38	325
38	377
38	384
38	403
38	500
38	501
38	506
38	525
38	551
38	581
38	588
38	611
38	612
38	624
38	632
38	635
38	660
38	679
38	732
38	892
38	893
39	55
39	60
39	66
39	76
39	90
39	93
39	97
39	112
39	121
39	135
39	143
39	151
39	163
39	168
39	178
39	195
39	232
39	249
39	253
39	300
39	313
39	317
39	394
39	400
39	408
39	427
39	431
39	439
39	481
39	512
39	644
39	677
39	757
39	814
39	816
39	926
39	975
39	1000
40	62
40	63
40	68
40	71
40	78
40	80
40	81
40	82
40	84
40	158
40	174
40	184
40	198
40	216
40	241
40	251
40	256
40	263
40	265
40	283
40	294
40	328
40	337
40	364
40	436
40	459
40	514
40	521
40	553
40	690
40	777
40	817
40	818
40	830
40	832
40	851
40	963
41	44
41	127
41	132
41	144
41	146
41	162
41	168
41	181
41	199
41	244
41	251
41	254
41	257
41	259
41	261
41	303
41	306
41	336
41	360
41	372
41	433
41	457
41	493
41	619
41	626
41	631
41	645
41	648
41	707
41	708
41	746
41	757
41	788
41	791
41	880
41	945
41	956
41	974
41	981
41	999
42	52
42	53
42	60
42	79
42	92
42	99
42	104
42	106
42	111
42	120
42	193
42	226
42	279
42	293
42	302
42	328
42	345
42	354
42	361
42	369
42	402
42	428
42	429
42	473
42	474
42	487
42	497
42	535
42	573
42	580
42	598
42	676
42	719
42	729
42	761
42	878
42	897
42	922
42	947
42	975
43	44
43	45
43	47
43	60
43	94
43	95
43	121
43	123
43	129
43	133
43	166
43	182
43	202
43	226
43	231
43	233
43	242
43	305
43	311
43	332
43	412
43	492
43	505
43	519
43	532
43	551
43	576
43	581
43	688
43	701
43	734
43	746
43	810
43	875
43	892
43	911
43	929
43	967
44	59
44	67
44	104
44	120
44	132
44	133
44	134
44	144
44	146
44	147
44	153
44	157
44	166
44	185
44	244
44	289
44	305
44	330
44	385
44	423
44	457
44	460
44	493
44	520
44	523
44	541
44	546
44	586
44	587
44	657
44	705
44	723
44	740
44	751
44	757
44	981
44	985
45	47
45	64
45	84
45	114
45	129
45	134
45	141
45	167
45	177
45	190
45	191
45	195
45	228
45	256
45	269
45	305
45	322
45	377
45	433
45	442
45	489
45	501
45	508
45	518
45	525
45	528
45	532
45	567
45	621
45	632
45	665
45	726
45	734
45	818
45	871
45	921
46	58
46	74
46	99
46	101
46	108
46	109
46	130
46	164
46	174
46	194
46	221
46	225
46	245
46	258
46	268
46	282
46	296
46	307
46	315
46	318
46	346
46	352
46	367
46	379
46	405
46	498
46	503
46	532
46	560
46	561
46	600
46	604
46	753
46	794
46	903
46	943
47	52
47	96
47	121
47	132
47	166
47	182
47	191
47	200
47	257
47	264
47	269
47	270
47	295
47	299
47	305
47	329
47	336
47	501
47	508
47	556
47	562
47	567
47	590
47	615
47	621
47	702
47	726
47	744
47	784
47	837
47	893
47	967
47	969
48	64
48	83
48	88
48	105
48	130
48	136
48	222
48	257
48	260
48	299
48	335
48	355
48	375
48	376
48	382
48	384
48	425
48	434
48	485
48	524
48	558
48	579
48	614
48	616
48	625
48	680
48	698
48	718
48	756
48	806
48	972
48	994
49	58
49	61
49	102
49	133
49	163
49	180
49	212
49	213
49	223
49	242
49	291
49	303
49	308
49	323
49	327
49	334
49	373
49	375
49	395
49	412
49	445
49	450
49	472
49	504
49	571
49	596
49	613
49	627
49	704
49	764
49	796
49	873
49	890
49	906
49	927
49	942
49	952
50	70
50	106
50	107
50	126
50	163
50	165
50	169
50	173
50	189
50	204
50	209
50	245
50	276
50	324
50	347
50	348
50	395
50	442
50	446
50	449
50	491
50	542
50	547
50	578
50	643
50	702
50	724
50	823
50	841
50	849
50	990
51	73
51	84
51	96
51	97
51	107
51	138
51	142
51	150
51	154
51	209
51	250
51	316
51	341
51	349
51	371
51	438
51	452
51	464
51	469
51	471
51	509
51	573
51	612
51	636
51	648
51	692
51	693
51	754
51	798
51	812
51	881
51	890
51	916
51	928
51	931
52	53
52	60
52	69
52	92
52	93
52	103
52	104
52	108
52	111
52	113
52	177
52	185
52	197
52	248
52	254
52	302
52	338
52	345
52	383
52	390
52	466
52	521
52	552
52	576
52	605
52	639
52	711
52	761
52	850
52	879
52	882
52	941
53	68
53	69
53	77
53	83
53	103
53	104
53	113
53	119
53	185
53	193
53	206
53	218
53	226
53	248
53	260
53	354
53	390
53	473
53	564
53	575
53	584
53	639
53	669
53	676
53	720
53	733
53	739
53	741
53	760
53	812
53	897
53	902
53	913
53	964
53	992
54	63
54	66
54	68
54	71
54	78
54	82
54	91
54	137
54	154
54	166
54	172
54	174
54	175
54	236
54	241
54	278
54	292
54	321
54	468
54	477
54	490
54	494
54	514
54	564
54	574
54	577
54	656
54	684
54	842
54	851
54	862
54	877
54	931
54	979
55	76
55	90
55	93
55	112
55	118
55	135
55	145
55	163
55	173
55	249
55	294
55	317
55	340
55	386
55	396
55	427
55	440
55	465
55	476
55	508
55	512
55	545
55	610
55	640
55	728
55	765
55	833
55	845
55	965
55	973
55	981
55	991
55	994
56	57
56	65
56	72
56	110
56	123
56	126
56	152
56	185
56	243
56	253
56	288
56	317
56	340
56	354
56	396
56	515
56	550
56	559
56	594
56	601
56	618
56	688
56	748
56	752
56	809
56	819
56	838
56	855
56	924
56	925
56	935
56	951
56	958
57	65
57	67
57	70
57	72
57	88
57	125
57	152
57	172
57	244
57	253
57	274
57	293
57	317
57	321
57	340
57	388
57	398
57	406
57	407
57	441
57	490
57	515
57	550
57	636
57	651
57	819
57	824
57	856
57	870
57	898
57	925
57	958
58	60
58	81
58	85
58	101
58	108
58	114
58	115
58	127
58	162
58	189
58	211
58	219
58	246
58	291
58	298
58	318
58	348
58	367
58	397
58	434
58	498
58	538
58	609
58	618
58	667
58	686
58	699
58	782
58	788
58	855
58	905
58	910
58	958
59	76
59	108
59	123
59	124
59	128
59	137
59	140
59	161
59	203
59	207
59	237
59	246
59	250
59	286
59	297
59	306
59	318
59	331
59	342
59	359
59	360
59	371
59	413
59	458
59	461
59	478
59	653
59	677
59	776
59	790
59	871
59	998
60	77
60	92
60	99
60	109
60	113
60	155
60	185
60	218
60	226
60	240
60	280
60	283
60	328
60	338
60	345
60	402
60	420
60	463
60	593
60	605
60	709
60	716
60	733
60	739
60	745
60	761
60	840
60	992
61	64
61	71
61	84
61	94
61	102
61	116
61	125
61	137
61	180
61	186
61	189
61	223
61	227
61	251
61	290
61	308
61	312
61	351
61	409
61	412
61	437
61	464
61	465
61	504
61	537
61	595
61	622
61	626
61	721
61	742
61	796
61	984
62	80
62	92
62	100
62	117
62	118
62	155
62	156
62	214
62	215
62	222
62	233
62	266
62	287
62	293
62	366
62	406
62	459
62	462
62	467
62	497
62	500
62	507
62	554
62	568
62	678
62	707
62	714
62	718
62	735
62	852
63	78
63	80
63	82
63	90
63	91
63	99
63	143
63	158
63	160
63	171
63	172
63	186
63	196
63	206
63	243
63	278
63	337
63	347
63	353
63	392
63	413
63	427
63	514
63	574
63	628
63	730
63	732
63	749
63	789
63	818
63	839
63	979
64	87
64	88
64	89
64	105
64	195
64	212
64	220
64	225
64	260
64	284
64	359
64	362
64	365
64	370
64	385
64	425
64	443
64	484
64	502
64	527
64	529
64	558
64	595
64	602
64	614
64	647
64	684
64	793
64	806
65	67
65	72
65	73
65	152
65	161
65	200
65	253
65	287
65	288
65	340
65	388
65	389
65	399
65	412
65	441
65	507
65	515
65	636
65	651
65	745
65	782
65	824
65	834
65	915
65	925
65	930
65	948
65	958
65	985
65	987
66	76
66	84
66	90
66	93
66	95
66	97
66	118
66	135
66	143
66	151
66	165
66	166
66	168
66	202
66	273
66	313
66	317
66	339
66	386
66	391
66	396
66	425
66	439
66	472
66	507
66	517
66	814
66	833
66	846
66	896
66	947
66	978
67	72
67	112
67	152
67	199
67	200
67	271
67	288
67	295
67	304
67	340
67	377
67	379
67	388
67	407
67	495
67	560
67	570
67	586
67	601
67	613
67	631
67	688
67	748
67	835
67	855
67	856
67	898
67	924
68	71
68	80
68	82
68	100
68	158
68	165
68	171
68	172
68	188
68	236
68	272
68	278
68	283
68	335
68	337
68	364
68	403
68	432
68	436
68	499
68	564
68	703
68	736
68	818
68	832
68	863
68	877
68	931
68	979
69	77
69	79
69	92
69	103
69	104
69	132
69	153
69	185
69	193
69	236
69	240
69	255
69	259
69	286
69	315
69	338
69	345
69	492
69	504
69	522
69	525
69	542
69	544
69	548
69	639
69	716
69	722
69	729
69	811
69	840
69	847
69	850
69	964
70	106
70	124
70	126
70	136
70	137
70	149
70	169
70	217
70	321
70	324
70	347
70	348
70	357
70	395
70	422
70	455
70	485
70	552
70	605
70	637
70	645
70	650
70	769
70	795
70	797
70	820
70	873
70	919
70	942
71	91
71	110
71	154
71	158
71	171
71	174
71	175
71	177
71	216
71	239
71	263
71	283
71	354
71	362
71	392
71	494
71	522
71	585
71	587
71	629
71	684
71	697
71	767
71	777
71	787
71	789
71	851
71	931
71	949
71	979
72	117
72	137
72	179
72	267
72	278
72	288
72	356
72	384
72	388
72	393
72	410
72	412
72	441
72	490
72	507
72	515
72	546
72	550
72	559
72	566
72	570
72	580
72	623
72	636
72	824
72	870
72	898
72	925
72	958
73	84
73	96
73	104
73	107
73	122
73	148
73	150
73	208
73	209
73	229
73	248
73	316
73	369
73	457
73	464
73	469
73	509
73	559
73	573
73	575
73	645
73	692
73	717
73	732
73	740
73	760
73	800
73	861
73	890
74	81
74	83
74	89
74	91
74	108
74	122
74	137
74	162
74	164
74	188
74	221
74	235
74	258
74	288
74	298
74	367
74	368
74	378
74	414
74	415
74	477
74	558
74	599
74	650
74	696
74	767
74	787
74	794
74	827
74	866
74	894
74	970
75	94
75	123
75	129
75	133
75	141
75	170
75	177
75	182
75	191
75	224
75	233
75	258
75	269
75	399
75	500
75	505
75	511
75	588
75	603
75	629
75	632
75	635
75	649
75	701
75	713
75	741
75	750
75	798
75	825
75	892
75	952
75	954
75	963
75	982
76	90
76	93
76	97
76	144
76	151
76	173
76	178
76	192
76	213
76	273
76	313
76	339
76	366
76	386
76	391
76	396
76	411
76	437
76	440
76	508
76	540
76	582
76	583
76	593
76	667
76	675
76	786
76	804
76	813
76	878
76	896
77	79
77	99
77	103
77	113
77	183
77	185
77	208
77	222
77	226
77	265
77	302
77	328
77	351
77	374
77	435
77	492
77	542
77	565
77	576
77	639
77	733
77	738
77	761
77	812
77	850
77	901
77	956
78	82
78	91
78	154
78	174
78	175
78	188
78	193
78	204
78	206
78	216
78	236
78	288
78	343
78	353
78	364
78	375
78	387
78	409
78	429
78	436
78	451
78	514
78	522
78	574
78	630
78	749
78	931
78	976
78	996
79	103
79	107
79	111
79	216
79	218
79	255
79	265
79	270
79	328
79	390
79	429
79	472
79	505
79	576
79	691
79	704
79	711
79	713
79	716
79	722
79	739
79	816
79	828
79	879
79	913
79	915
79	932
80	82
80	91
80	174
80	184
80	188
80	196
80	206
80	216
80	220
80	231
80	241
80	257
80	263
80	278
80	283
80	311
80	436
80	448
80	451
80	470
80	617
80	629
80	641
80	749
80	860
80	862
80	965
81	101
81	109
81	122
81	130
81	194
81	205
81	211
81	230
81	268
81	274
81	315
81	327
81	378
81	379
81	399
81	407
81	414
81	453
81	538
81	557
81	646
81	699
81	760
81	794
81	822
81	943
81	950
82	83
82	91
82	136
82	154
82	172
82	241
82	263
82	283
82	362
82	364
82	382
82	417
82	419
82	436
82	486
82	569
82	574
82	594
82	703
82	817
82	896
82	960
82	963
82	965
82	988
83	89
83	105
83	116
83	127
83	136
83	195
83	205
83	242
83	253
83	355
83	376
83	382
83	425
83	434
83	482
83	502
83	529
83	544
83	602
83	647
83	714
83	755
83	756
83	801
83	804
83	858
83	883
83	897
83	984
84	96
84	107
84	114
84	138
84	142
84	148
84	152
84	160
84	234
84	316
84	345
84	349
84	351
84	369
84	438
84	452
84	509
84	575
84	608
84	645
84	659
84	692
84	717
84	754
84	886
84	985
85	86
85	102
85	115
85	130
85	162
85	164
85	174
85	210
85	219
85	221
85	235
85	298
85	302
85	323
85	350
85	415
85	497
85	599
85	600
85	618
85	706
85	787
85	827
85	855
85	889
85	910
85	919
85	950
85	971
86	101
86	109
86	122
86	127
86	130
86	156
86	164
86	194
86	219
86	235
86	268
86	310
86	318
86	379
86	477
86	498
86	538
86	572
86	685
86	730
86	734
86	747
86	758
86	794
86	881
86	894
86	903
86	904
86	950
87	88
87	93
87	115
87	123
87	136
87	195
87	242
87	255
87	334
87	365
87	382
87	400
87	473
87	476
87	495
87	524
87	527
87	551
87	556
87	595
87	602
87	712
87	714
87	756
87	801
87	849
87	936
87	961
88	89
88	110
88	142
88	187
88	220
88	238
88	264
88	335
88	365
88	394
88	425
88	434
88	443
88	527
88	529
88	669
88	672
88	687
88	700
88	714
88	756
88	766
88	792
88	840
88	936
89	136
89	170
89	205
89	220
89	225
89	256
89	282
89	337
89	374
89	376
89	425
89	434
89	454
89	476
89	480
89	497
89	502
89	544
89	661
89	698
89	712
89	713
89	741
89	746
89	759
89	766
89	789
89	833
90	95
90	112
90	118
90	135
90	168
90	294
90	304
90	317
90	326
90	363
90	386
90	408
90	427
90	440
90	512
90	637
90	640
90	708
90	724
90	747
90	755
90	805
90	833
90	912
90	926
90	978
90	994
91	96
91	121
91	146
91	171
91	174
91	182
91	216
91	236
91	241
91	263
91	278
91	312
91	323
91	392
91	436
91	446
91	451
91	577
91	590
91	656
91	730
91	749
91	830
91	912
91	979
92	99
92	103
92	111
92	193
92	202
92	226
92	228
92	255
92	265
92	273
92	311
92	354
92	361
92	383
92	576
92	617
92	621
92	676
92	711
92	760
92	765
92	781
92	841
92	882
92	962
92	971
93	97
93	106
93	143
93	145
93	163
93	168
93	173
93	178
93	231
93	249
93	313
93	339
93	347
93	431
93	451
93	545
93	655
93	804
93	808
93	833
93	883
93	896
93	908
93	912
93	926
93	973
93	975
94	98
94	123
94	139
94	170
94	182
94	191
94	198
94	201
94	233
94	305
94	329
94	332
94	397
94	435
94	506
94	526
94	528
94	562
94	629
94	635
94	658
94	665
94	724
94	745
94	767
94	848
94	908
94	993
95	111
95	127
95	132
95	134
95	147
95	153
95	157
95	179
95	181
95	202
95	244
95	257
95	261
95	319
95	320
95	336
95	341
95	417
95	433
95	481
95	541
95	551
95	584
95	693
95	695
95	705
95	768
95	803
95	863
95	999
96	98
96	107
96	114
96	138
96	148
96	150
96	160
96	209
96	304
96	314
96	349
96	351
96	369
96	380
96	521
96	526
96	636
96	678
96	751
96	800
96	807
96	817
96	830
96	864
96	928
96	934
97	98
97	100
97	135
97	163
97	178
97	226
97	231
97	246
97	313
97	372
97	385
97	391
97	408
97	431
97	476
97	493
97	512
97	545
97	649
97	670
97	728
97	765
97	804
97	912
97	926
97	994
98	125
98	139
98	180
98	192
98	223
98	261
98	303
98	308
98	312
98	334
98	365
98	375
98	517
98	531
98	536
98	543
98	626
98	627
98	641
98	674
98	696
98	803
98	814
98	905
98	929
98	954
98	969
99	104
99	176
99	203
99	231
99	248
99	255
99	280
99	302
99	304
99	320
99	328
99	354
99	407
99	430
99	569
99	652
99	709
99	812
99	816
99	828
99	840
99	909
99	955
99	964
100	117
100	156
100	214
100	215
100	219
100	222
100	234
100	287
100	322
100	366
100	380
100	452
100	475
100	513
100	554
100	568
100	583
100	617
100	718
100	771
100	820
100	836
100	857
100	933
100	939
101	108
101	109
101	162
101	219
101	258
101	267
101	291
101	315
101	368
101	404
101	422
101	437
101	498
101	646
101	664
101	667
101	686
101	694
101	699
101	706
101	743
101	750
101	780
101	865
101	941
101	971
102	105
102	109
102	110
102	147
102	192
102	227
102	271
102	328
102	332
102	351
102	362
102	372
102	444
102	445
102	448
102	456
102	462
102	519
102	543
102	566
102	602
102	613
102	671
102	740
102	742
102	771
103	113
103	127
103	181
103	191
103	216
103	229
103	265
103	345
103	374
103	390
103	457
103	473
103	487
103	500
103	571
103	576
103	617
103	676
103	691
103	722
103	735
103	758
103	781
103	902
103	955
104	113
104	197
104	240
104	311
104	338
104	393
104	402
104	428
104	429
104	447
104	473
104	487
104	540
104	576
104	639
104	716
104	733
104	760
104	809
104	847
104	850
104	890
104	974
104	986
105	110
105	116
105	205
105	221
105	234
105	238
105	260
105	264
105	301
105	335
105	376
105	382
105	403
105	434
105	497
105	502
105	524
105	572
105	579
105	687
105	689
105	763
105	815
106	149
106	165
106	169
106	189
106	222
106	340
106	343
106	348
106	395
106	449
106	455
106	483
106	576
106	578
106	635
106	637
106	643
106	686
106	772
106	795
106	833
106	890
106	977
106	990
106	1000
107	148
107	168
107	209
107	349
107	369
107	371
107	407
107	420
107	428
107	438
107	444
107	471
107	526
107	573
107	574
107	575
107	645
107	682
107	688
107	754
107	800
107	889
107	931
108	115
108	122
108	127
108	146
108	164
108	186
108	194
108	203
108	211
108	221
108	327
108	346
108	352
108	498
108	503
108	593
108	638
108	723
108	787
108	797
108	805
108	958
109	130
109	162
109	219
109	235
109	258
109	315
109	318
109	339
109	397
109	418
109	477
109	493
109	538
109	572
109	642
109	774
109	808
109	874
109	903
109	935
110	125
110	140
110	147
110	159
110	192
110	201
110	210
110	227
110	303
110	339
110	390
110	404
110	412
110	444
110	465
110	488
110	510
110	536
110	565
110	597
110	626
110	671
110	697
110	742
110	764
110	962
111	135
111	218
111	239
111	240
111	248
111	256
111	280
111	311
111	420
111	447
111	487
111	488
111	503
111	542
111	571
111	669
111	698
111	710
111	738
111	781
111	811
111	835
111	913
111	964
112	117
112	118
112	132
112	151
112	163
112	168
112	173
112	178
112	190
112	294
112	313
112	339
112	352
112	427
112	428
112	512
112	729
112	736
112	746
112	805
112	814
112	818
112	847
112	975
112	978
113	140
113	154
113	186
113	237
113	240
113	328
113	361
113	383
113	419
113	436
113	473
113	476
113	492
113	535
113	552
113	571
113	744
113	812
113	816
113	841
113	901
113	913
113	983
114	135
114	142
114	145
114	148
114	229
114	314
114	316
114	363
114	369
114	438
114	452
114	453
114	471
114	509
114	525
114	526
114	682
114	725
114	754
114	775
114	864
114	889
114	928
114	953
115	127
115	162
115	194
115	281
115	291
115	317
115	320
115	327
115	367
115	390
115	405
115	414
115	503
115	534
115	548
115	557
115	618
115	685
115	850
115	866
115	943
115	970
116	136
116	189
116	205
116	225
116	235
116	238
116	243
116	257
116	260
116	264
116	366
116	370
116	371
116	398
116	443
116	484
116	497
116	504
116	575
116	606
116	616
116	625
116	654
116	698
116	737
116	815
116	961
116	969
117	214
117	222
117	223
117	234
117	266
117	267
117	287
117	293
117	322
117	337
117	368
117	419
117	421
117	432
117	462
117	499
117	531
117	554
117	583
117	588
117	672
117	751
117	799
117	976
118	145
118	146
118	173
118	209
118	211
118	231
118	273
118	294
118	313
118	394
118	396
118	408
118	427
118	439
118	440
118	443
118	542
118	593
118	640
118	651
118	675
118	802
118	833
118	845
118	854
119	143
119	161
119	210
119	232
119	239
119	250
119	274
119	284
119	286
119	307
119	325
119	355
119	359
119	385
119	413
119	596
119	725
119	775
119	778
119	796
119	832
119	907
119	911
119	988
119	998
120	144
120	153
120	181
120	219
120	241
120	244
120	252
120	254
120	257
120	261
120	268
120	292
120	341
120	400
120	417
120	418
120	481
120	515
120	619
120	693
120	705
120	785
120	788
120	803
120	963
120	991
121	123
121	166
121	170
121	224
121	295
121	309
121	384
121	402
121	519
121	530
121	532
121	615
121	621
121	649
121	664
121	679
121	731
121	751
121	826
121	858
122	130
122	211
122	235
122	258
122	323
122	327
122	364
122	379
122	395
122	415
122	450
122	486
122	577
122	599
122	655
122	681
122	685
122	699
122	706
122	795
122	941
122	970
123	170
123	200
123	442
123	495
123	500
123	501
123	505
123	506
123	508
123	525
123	526
123	537
123	612
123	619
123	624
123	702
123	731
123	767
123	798
123	825
123	828
123	929
124	140
124	155
124	176
124	187
124	205
124	220
124	223
124	246
124	250
124	274
124	300
124	342
124	359
124	426
124	458
124	478
124	479
124	496
124	580
124	666
124	759
124	780
124	820
124	826
124	957
125	128
125	159
125	178
125	192
125	220
125	225
125	276
125	290
125	303
125	323
125	354
125	422
125	445
125	465
125	472
125	504
125	620
125	622
125	641
125	710
125	793
125	884
125	932
126	169
126	204
126	217
126	276
126	296
126	301
126	324
126	357
126	446
126	455
126	463
126	491
126	507
126	579
126	605
126	633
126	643
126	650
126	769
126	825
126	909
126	938
126	955
126	977
127	136
127	194
127	221
127	248
127	298
127	391
127	414
127	415
127	498
127	548
127	557
127	642
127	655
127	715
127	774
127	782
127	787
127	858
127	894
128	145
128	147
128	183
128	187
128	235
128	285
128	286
128	307
128	331
128	351
128	384
128	413
128	458
128	461
128	500
128	590
128	610
128	648
128	662
128	739
128	820
128	843
128	867
128	872
128	923
128	957
129	133
129	149
129	183
129	190
129	233
129	337
129	406
129	425
129	530
129	537
129	547
129	551
129	567
129	611
129	615
129	621
129	679
129	690
129	753
129	776
129	825
129	899
129	938
129	982
130	132
130	162
130	164
130	194
130	211
130	221
130	298
130	356
130	389
130	572
130	600
130	662
130	669
130	688
130	692
130	715
130	750
130	775
130	894
130	948
131	141
131	155
131	167
131	178
131	197
131	199
131	275
131	284
131	307
131	355
131	363
131	424
131	489
131	508
131	555
131	610
131	664
131	668
131	681
131	685
131	694
131	797
131	829
131	838
131	865
131	966
132	144
132	146
132	177
132	181
132	252
132	254
132	257
132	261
132	341
132	360
132	372
132	418
132	423
132	520
132	523
132	678
132	693
132	708
132	884
132	956
132	964
132	998
133	166
133	177
133	188
133	191
133	233
133	240
133	252
133	269
133	270
133	295
133	309
133	500
133	573
133	603
133	624
133	629
133	658
133	914
133	946
133	968
134	144
134	157
134	181
134	239
134	252
134	254
134	261
134	289
134	341
134	382
134	392
134	418
134	433
134	634
134	707
134	757
134	768
134	788
134	868
134	884
134	956
134	969
134	1000
135	143
135	145
135	151
135	168
135	180
135	294
135	309
135	381
135	391
135	394
135	396
135	408
135	640
135	733
135	765
135	786
135	807
135	845
135	878
135	915
136	195
136	238
136	247
136	365
136	370
136	464
136	476
136	497
136	560
136	598
136	602
136	614
136	647
136	654
136	656
136	795
136	806
136	842
136	974
137	140
137	210
137	285
137	297
137	385
137	413
137	426
137	478
137	496
137	540
137	596
137	628
137	648
137	677
137	708
137	810
137	820
137	871
137	872
137	932
137	997
138	140
138	148
138	150
138	209
138	228
138	264
138	277
138	306
138	371
138	380
138	381
138	452
138	471
138	521
138	526
138	717
138	754
138	851
138	861
138	864
138	870
138	886
138	914
139	141
139	197
139	199
139	239
139	259
139	262
139	264
139	275
139	301
139	348
139	410
139	411
139	494
139	550
139	561
139	653
139	694
139	719
139	790
139	838
139	865
139	884
139	937
139	947
140	176
140	187
140	201
140	207
140	232
140	285
140	286
140	292
140	297
140	342
140	344
140	355
140	359
140	406
140	412
140	426
140	461
140	590
140	600
140	953
141	146
141	162
141	164
141	190
141	191
141	197
141	259
141	275
141	306
141	320
141	363
141	403
141	433
141	533
141	549
141	555
141	567
141	664
141	791
141	829
141	874
141	937
142	148
142	150
142	316
142	349
142	369
142	380
142	390
142	466
142	509
142	561
142	682
142	688
142	692
142	702
142	732
142	822
142	869
142	872
142	886
142	890
142	934
142	994
143	145
143	149
143	151
143	163
143	168
143	192
143	213
143	240
143	249
143	273
143	313
143	628
143	644
143	647
143	675
143	728
143	746
143	786
143	804
143	805
143	896
144	156
144	157
144	159
144	181
144	202
144	221
144	233
144	257
144	341
144	350
144	401
144	493
144	531
144	623
144	676
144	693
144	708
144	762
144	770
144	803
144	927
144	981
145	155
145	163
145	168
145	173
145	231
145	249
145	273
145	317
145	339
145	391
145	517
145	604
145	721
145	728
145	805
145	845
145	878
145	926
145	999
146	148
146	153
146	157
146	195
146	253
146	254
146	289
146	315
146	360
146	417
146	433
146	481
146	503
146	546
146	602
146	619
146	747
146	752
146	788
146	791
146	884
147	182
147	198
147	223
147	230
147	271
147	272
147	290
147	291
147	324
147	334
147	375
147	424
147	456
147	465
147	539
147	626
147	679
147	705
147	714
147	821
147	859
147	959
148	150
148	160
148	175
148	229
148	240
148	277
148	304
148	369
148	371
148	452
148	453
148	606
148	645
148	889
148	891
148	941
148	944
149	178
149	218
149	245
149	251
149	281
149	296
149	321
149	348
149	357
149	449
149	455
149	485
149	518
149	640
149	643
149	662
149	668
149	795
149	887
150	229
150	277
150	279
150	316
150	349
150	382
150	423
150	464
150	471
150	558
150	652
150	659
150	694
150	717
150	802
150	881
150	889
150	934
150	935
150	995
151	161
151	173
151	231
151	263
151	286
151	317
151	339
151	374
151	376
151	394
151	427
151	721
151	746
151	786
151	806
151	811
151	814
151	973
151	975
152	159
152	179
152	192
152	214
152	288
152	316
152	340
152	356
152	388
152	399
152	490
152	570
152	623
152	646
152	745
152	915
152	930
152	935
153	194
153	252
153	254
153	257
153	292
153	506
153	520
153	531
153	546
153	584
153	693
153	705
153	716
153	726
153	747
153	826
153	863
153	895
153	940
153	945
153	981
154	158
154	172
154	184
154	185
154	188
154	236
154	262
154	278
154	329
154	342
154	451
154	529
154	553
154	656
154	703
154	805
154	832
154	842
154	963
155	167
155	178
155	238
155	275
155	279
155	292
155	320
155	363
155	411
155	443
155	483
155	489
155	533
155	660
155	664
155	695
155	719
155	790
155	831
155	838
156	214
156	215
156	293
156	333
156	361
156	366
156	406
156	419
156	421
156	433
156	468
156	509
156	581
156	836
156	849
156	868
156	916
156	939
156	961
157	181
157	202
157	259
157	268
157	289
157	292
157	346
157	350
157	401
157	417
157	433
157	457
157	478
157	523
157	583
157	708
157	723
157	757
157	844
157	848
158	165
158	172
158	188
158	213
158	216
158	263
158	278
158	337
158	412
158	486
158	564
158	577
158	585
158	656
158	685
158	801
158	963
158	979
159	160
159	180
159	211
159	230
159	271
159	290
159	301
159	312
159	313
159	324
159	412
159	488
159	499
159	543
159	627
159	674
159	678
159	683
159	837
159	940
160	209
160	217
160	238
160	258
160	277
160	304
160	314
160	316
160	323
160	438
160	464
160	469
160	483
160	520
160	573
160	575
160	589
160	688
160	802
160	928
161	176
161	187
161	200
161	203
161	210
161	232
161	246
161	247
161	248
161	297
161	413
161	501
161	521
161	572
161	580
161	628
161	663
161	725
161	776
161	780
161	923
162	221
162	298
162	324
162	352
162	414
162	415
162	462
162	548
162	554
162	556
162	669
162	698
162	706
162	750
163	168
163	173
163	178
163	386
163	391
163	396
163	427
163	463
163	471
163	498
163	607
163	644
163	649
163	670
163	831
164	178
164	249
164	268
164	298
164	320
164	367
164	368
164	405
164	470
164	503
164	646
164	715
164	786
164	814
164	858
164	862
165	169
165	189
165	191
165	217
165	261
165	276
165	296
165	347
165	373
165	449
165	463
165	491
165	650
165	769
165	821
165	853
165	869
165	986
166	174
166	177
166	190
166	297
166	583
166	589
166	592
166	635
166	649
166	702
166	734
166	750
166	818
166	834
166	937
166	946
166	982
167	238
167	239
167	306
167	310
167	320
167	333
167	410
167	467
167	489
167	511
167	533
167	549
167	555
167	610
167	622
167	653
167	790
167	829
167	840
167	853
167	904
167	949
168	206
168	225
168	231
168	273
168	294
168	303
168	394
168	431
168	640
168	701
168	703
168	714
168	736
168	765
168	909
169	191
169	209
169	212
169	225
169	281
169	321
169	394
169	554
169	578
169	668
169	769
169	838
169	844
169	873
169	899
169	901
169	908
169	919
169	944
169	973
170	182
170	185
170	201
170	228
170	237
170	255
170	309
170	311
170	519
170	528
170	551
170	582
170	620
170	654
170	680
170	726
170	964
170	993
171	175
171	188
171	196
171	198
171	242
171	337
171	356
171	392
171	435
171	470
171	486
171	553
171	609
171	777
171	818
171	832
171	839
171	918
172	174
172	188
172	196
172	206
172	236
172	300
172	362
172	411
172	436
172	470
172	578
172	630
172	693
172	933
172	960
172	965
173	195
173	254
173	317
173	386
173	394
173	439
173	485
173	518
173	557
173	728
173	765
173	786
173	804
173	814
173	937
174	193
174	196
174	206
174	271
174	362
174	364
174	401
174	499
174	522
174	529
174	656
174	703
174	730
175	188
175	194
175	196
175	227
175	346
175	353
175	436
175	451
175	514
175	522
175	574
175	630
175	777
175	830
175	960
175	963
176	232
176	239
176	247
176	274
176	284
176	325
176	426
176	490
176	533
176	563
176	595
176	629
176	666
176	680
176	773
176	820
176	867
176	923
176	997
177	190
177	228
177	305
177	358
177	392
177	413
177	530
177	531
177	562
177	589
177	612
177	621
177	624
177	649
177	866
177	967
178	249
178	257
178	384
178	427
178	431
178	512
178	545
178	604
178	640
178	644
178	658
178	670
178	728
178	804
179	200
179	222
179	288
179	369
179	381
179	388
179	407
179	446
179	559
179	560
179	570
179	594
179	601
179	623
179	630
179	631
179	819
179	835
179	930
179	944
180	192
180	198
180	230
180	231
180	259
180	261
180	282
180	291
180	308
180	398
180	424
180	460
180	641
180	712
180	801
180	837
180	892
180	932
180	984
181	202
181	254
181	261
181	289
181	319
181	330
181	360
181	368
181	386
181	417
181	423
181	424
181	524
181	562
181	648
181	664
181	752
182	185
182	201
182	228
182	270
182	289
182	377
182	506
182	547
182	624
182	647
182	764
182	767
182	798
182	856
183	187
183	247
183	250
183	259
183	262
183	297
183	307
183	325
183	342
183	387
183	410
183	416
183	461
183	496
183	536
183	590
183	680
183	759
183	780
183	930
183	998
184	196
184	203
184	206
184	216
184	236
184	263
184	283
184	337
184	339
184	353
184	429
184	451
184	482
184	522
184	608
184	726
184	817
184	845
184	877
184	905
185	218
185	255
185	265
185	302
185	311
185	361
185	371
185	383
185	482
185	492
185	700
185	728
185	879
185	955
186	213
186	223
186	282
186	291
186	319
186	351
186	424
186	437
186	444
186	514
186	536
186	539
186	597
186	671
186	742
186	764
186	914
186	932
186	954
187	207
187	250
187	284
187	385
187	407
187	426
187	461
187	496
187	662
187	666
187	722
187	776
187	791
187	806
187	864
187	885
187	895
188	203
188	243
188	263
188	478
188	479
188	486
188	521
188	570
188	577
188	710
188	740
188	818
188	839
188	933
188	981
189	245
189	276
189	323
189	324
189	348
189	387
189	479
189	485
189	491
189	731
189	736
189	760
189	777
189	822
189	823
189	826
190	201
190	210
190	228
190	305
190	309
190	413
190	443
190	474
190	519
190	525
190	581
190	779
190	810
190	876
190	911
190	955
191	270
191	287
191	309
191	368
191	377
191	492
191	518
191	562
191	581
191	611
191	665
191	798
192	271
192	273
192	282
192	290
192	334
192	372
192	431
192	456
192	472
192	486
192	613
192	620
192	683
192	704
192	793
192	887
193	199
193	218
193	226
193	248
193	255
193	279
193	374
193	429
193	655
193	722
193	760
193	781
193	847
193	879
193	901
194	235
194	238
194	302
194	374
194	389
194	523
194	538
194	548
194	827
194	844
194	880
194	910
194	950
194	996
195	238
195	242
195	299
195	326
195	477
195	484
195	524
195	527
195	529
195	602
195	685
195	689
195	763
195	815
195	883
195	948
196	216
196	236
196	436
196	489
196	494
196	521
196	522
196	553
196	559
196	585
196	605
196	654
196	676
196	830
196	862
196	910
196	940
197	262
197	275
197	301
197	306
197	310
197	441
197	511
197	555
197	561
197	608
197	623
197	675
197	679
197	769
197	829
197	853
197	854
197	948
198	220
198	225
198	281
198	338
198	375
198	409
198	424
198	437
198	441
198	444
198	488
198	510
198	524
198	536
198	620
198	696
198	952
198	954
199	201
199	229
199	259
199	262
199	288
199	306
199	363
199	380
199	403
199	411
199	483
199	511
199	533
199	555
199	797
199	800
199	838
199	966
200	216
200	253
200	269
200	288
200	441
200	482
200	490
200	515
200	548
200	559
200	560
200	601
200	623
200	748
200	794
200	870
201	224
201	299
201	305
201	353
201	435
201	501
201	508
201	518
201	590
201	611
201	615
201	658
201	690
201	734
201	798
202	244
202	269
202	298
202	330
202	397
202	418
202	423
202	457
202	523
202	531
202	586
202	622
202	686
202	723
202	752
202	791
202	884
202	942
203	210
203	232
203	274
203	286
203	321
203	385
203	416
203	446
203	478
203	518
203	591
203	724
203	773
203	917
203	920
203	957
203	997
204	428
204	432
204	443
204	446
204	449
204	455
204	463
204	479
204	485
204	500
204	578
204	696
204	727
204	731
204	769
204	909
204	924
204	977
205	264
205	299
205	335
205	338
205	425
205	443
205	480
205	497
205	502
205	529
205	579
205	661
205	824
205	897
205	900
206	216
206	278
206	338
206	481
206	494
206	499
206	522
206	529
206	656
206	684
206	749
206	847
206	965
207	237
207	239
207	275
207	295
207	297
207	344
207	373
207	413
207	416
207	434
207	440
207	565
207	680
207	716
207	724
207	773
207	778
207	843
207	888
208	215
208	222
208	234
208	394
208	406
208	419
208	432
208	462
208	467
208	513
208	568
208	678
208	695
208	715
208	812
208	836
209	277
209	280
209	316
209	380
209	692
209	732
209	790
209	794
209	809
209	861
209	864
209	890
210	241
210	250
210	307
210	344
210	426
210	461
210	484
210	563
210	596
210	713
210	725
210	780
210	859
210	867
210	895
210	936
211	219
211	221
211	285
211	327
211	389
211	510
211	514
211	538
211	655
211	699
211	715
211	765
211	787
211	866
211	872
211	941
212	217
212	264
212	341
212	347
212	422
212	446
212	449
212	463
212	466
212	571
212	637
212	650
212	668
212	772
212	821
212	841
212	909
212	953
213	291
213	308
213	312
213	323
213	329
213	375
213	381
213	422
213	444
213	456
213	613
213	674
213	697
213	758
213	837
213	949
214	223
214	256
214	266
214	267
214	293
214	333
214	350
214	462
214	475
214	516
214	695
214	735
214	825
214	868
214	927
215	218
215	251
215	256
215	264
215	294
215	309
215	322
215	326
215	406
215	468
215	475
215	695
215	848
215	880
215	976
216	263
216	335
216	467
216	564
216	577
216	703
216	717
216	830
216	839
216	880
217	251
217	272
217	357
217	389
217	446
217	455
217	479
217	630
217	637
217	771
217	932
217	953
217	1000
218	226
218	287
218	402
218	617
218	676
218	738
218	740
218	766
218	867
218	897
218	962
218	983
218	993
219	286
219	322
219	346
219	498
219	599
219	613
219	625
219	667
219	718
219	787
219	858
219	992
220	225
220	242
220	260
220	268
220	355
220	502
220	589
220	598
220	661
220	689
220	737
220	766
220	801
221	235
221	368
221	414
221	808
221	827
221	974
222	250
222	266
222	267
222	432
222	475
222	516
222	554
222	646
222	718
222	799
222	876
223	282
223	285
223	323
223	365
223	404
223	409
223	417
223	510
223	536
223	671
223	721
223	969
224	236
224	285
224	329
224	330
224	518
224	530
224	589
224	592
224	624
224	658
224	679
224	857
224	875
224	900
224	964
225	235
225	239
225	260
225	355
225	400
225	497
225	524
225	527
225	529
225	606
225	616
225	815
226	245
226	354
226	374
226	402
226	448
226	466
226	552
226	569
226	581
226	605
226	976
227	266
227	351
227	409
227	448
227	469
227	472
227	539
227	566
227	627
227	691
227	802
227	922
227	927
227	952
227	984
228	305
228	309
228	435
228	481
228	581
228	592
228	603
228	624
228	631
228	752
228	767
228	996
229	246
229	259
229	277
229	327
229	464
229	471
229	573
229	659
229	688
229	717
229	742
229	800
229	928
229	965
230	290
230	304
230	312
230	323
230	357
230	375
230	381
230	495
230	505
230	565
230	641
230	683
230	720
230	764
230	823
230	916
231	249
231	280
231	294
231	313
231	396
231	431
231	525
231	534
231	545
231	805
231	994
232	239
232	298
232	300
232	307
232	332
232	385
232	398
232	469
232	563
232	591
232	715
232	759
232	869
233	329
233	397
233	442
233	519
233	551
233	601
233	632
233	649
233	661
233	726
233	784
233	787
234	366
234	406
234	421
234	432
234	468
234	484
234	583
234	718
234	742
234	857
234	876
234	984
235	379
235	414
235	600
235	631
235	703
235	827
235	858
235	875
236	241
236	283
236	362
236	364
236	439
236	470
236	789
236	845
236	858
237	250
237	307
237	318
237	366
237	384
237	426
237	478
237	540
237	545
237	577
237	596
237	713
237	780
237	917
238	376
238	400
238	474
238	502
238	544
238	558
238	614
238	712
238	792
238	862
239	247
239	359
239	398
239	413
239	460
239	759
239	780
239	820
239	867
240	263
240	280
240	338
240	345
240	352
240	361
240	383
240	428
240	586
240	711
240	758
240	992
241	337
241	353
241	362
241	383
241	416
241	536
241	577
241	626
241	656
241	684
241	877
241	904
241	963
242	257
242	355
242	365
242	382
242	476
242	480
242	595
242	741
242	755
242	763
242	780
243	263
243	278
243	285
243	329
243	454
243	521
243	553
243	565
243	630
243	670
243	710
243	789
243	860
243	918
243	933
244	257
244	289
244	358
244	461
244	519
244	520
244	531
244	639
244	707
244	723
244	726
244	751
244	752
244	999
245	276
245	387
245	461
245	491
245	670
245	769
245	771
245	798
245	849
245	869
245	944
245	954
246	285
246	300
246	331
246	344
246	359
246	384
246	398
246	399
246	451
246	628
246	776
246	888
246	942
246	997
247	274
247	284
247	307
247	381
247	460
247	540
247	596
247	606
247	776
247	778
247	856
247	957
248	311
248	383
248	455
248	473
248	569
248	700
248	741
248	811
248	906
248	921
248	947
248	983
249	277
249	295
249	303
249	317
249	359
249	439
249	473
249	512
249	636
249	640
249	670
249	813
250	274
250	285
250	287
250	297
250	319
250	344
250	385
250	398
250	463
250	663
251	296
251	347
251	351
251	386
251	463
251	512
251	607
251	637
251	849
251	908
251	919
251	990
252	263
252	292
252	307
252	319
252	336
252	401
252	418
252	423
252	433
252	477
252	493
252	632
252	747
252	778
252	788
252	799
253	279
253	340
253	393
253	507
253	515
253	550
253	623
253	745
253	930
253	962
253	986
254	298
254	401
254	505
254	523
254	546
254	552
254	586
254	650
254	751
254	757
254	800
254	991
255	328
255	354
255	447
255	466
255	487
255	514
255	571
255	652
255	679
255	704
255	761
255	774
255	840
256	267
256	293
256	299
256	366
256	405
256	445
256	467
256	468
256	583
256	678
256	799
256	857
256	868
257	319
257	341
257	360
257	541
257	634
257	788
257	899
258	268
258	318
258	529
258	555
258	609
258	635
258	669
258	685
258	699
258	774
258	801
258	948
259	262
259	275
259	301
259	306
259	310
259	320
259	410
259	483
259	694
259	772
260	363
260	370
260	376
260	382
260	524
260	556
260	557
260	558
260	616
260	647
260	836
261	289
261	382
261	452
261	520
261	541
261	657
261	762
261	768
261	774
261	791
262	275
262	279
262	492
262	588
262	790
262	797
262	803
262	829
262	865
262	989
263	310
263	406
263	730
263	818
263	839
264	355
264	370
264	382
264	454
264	527
264	544
264	712
264	714
265	311
265	388
265	390
265	420
265	429
265	494
265	496
265	700
265	711
265	808
265	840
265	947
265	960
266	267
266	287
266	326
266	419
266	421
266	490
266	505
266	513
266	542
266	644
266	695
266	852
267	275
267	366
267	421
267	432
267	440
267	475
267	533
267	735
267	743
268	315
268	318
268	327
268	364
268	379
268	397
268	569
268	579
268	600
268	750
268	852
268	948
269	305
269	442
269	500
269	595
269	621
269	622
269	779
269	784
269	892
269	893
270	309
270	327
270	332
270	380
270	501
270	592
270	635
270	701
270	769
270	938
270	993
271	290
271	319
271	334
271	404
271	422
271	539
271	622
271	757
271	842
271	980
271	984
272	315
272	334
272	412
272	437
272	566
272	568
272	591
272	613
272	627
272	697
272	796
272	824
272	837
272	853
272	942
273	294
273	343
273	394
273	431
273	439
273	545
273	572
273	644
273	736
273	804
273	828
274	284
274	286
274	342
274	458
274	496
274	763
274	917
274	957
274	988
275	279
275	283
275	301
275	356
275	403
275	467
275	608
275	675
275	790
275	829
276	281
276	296
276	321
276	357
276	378
276	426
276	502
276	643
276	873
276	1000
277	291
277	371
277	380
277	454
277	573
277	642
277	790
277	802
277	886
277	934
277	949
277	995
278	364
278	470
278	478
278	719
278	792
278	832
278	871
278	921
278	967
279	358
279	375
279	511
279	608
279	694
279	805
279	831
279	874
279	904
279	937
279	959
280	361
280	377
280	428
280	469
280	558
280	576
280	676
280	722
280	878
280	879
280	955
281	321
281	340
281	347
281	348
281	450
281	578
281	822
281	921
281	944
281	985
281	986
282	303
282	312
282	444
282	536
282	629
282	704
282	720
282	809
282	887
282	905
282	912
282	927
283	294
283	345
283	349
283	392
283	447
283	494
283	574
283	577
283	851
283	933
284	317
284	325
284	372
284	416
284	460
284	478
284	657
284	680
284	759
284	773
284	894
284	923
285	385
285	507
285	563
285	591
285	663
285	668
285	732
285	773
285	843
285	872
285	885
286	359
286	413
286	556
286	596
286	643
286	713
286	988
287	326
287	406
287	462
287	468
287	568
287	718
287	771
287	803
287	814
287	976
288	290
288	399
288	441
288	661
288	681
288	743
289	383
289	417
289	424
289	433
289	625
289	697
289	770
289	848
289	849
289	880
290	373
290	415
290	424
290	450
290	504
290	543
290	599
290	608
290	613
290	952
290	980
291	351
291	504
291	565
291	597
291	704
291	744
291	837
291	848
292	319
292	405
292	433
292	479
292	587
292	651
292	657
292	707
292	708
292	757
292	768
293	322
293	333
293	430
293	475
293	583
293	678
293	718
293	792
293	852
293	968
293	1000
294	317
294	386
294	434
294	455
294	545
294	670
294	786
295	305
295	379
295	435
295	454
295	508
295	528
295	582
295	589
295	702
295	907
296	343
296	344
296	387
296	390
296	450
296	491
296	823
296	859
296	900
296	908
296	986
297	342
297	458
297	591
297	724
297	756
297	783
297	829
297	895
297	929
298	638
298	642
298	753
298	782
298	859
298	946
299	334
299	353
299	476
299	558
299	661
299	741
299	756
299	766
300	307
300	344
300	347
300	359
300	384
300	413
300	458
300	496
300	580
300	673
300	689
300	891
301	358
301	363
301	403
301	410
301	489
301	497
301	658
301	660
301	771
301	874
302	334
302	374
302	473
302	492
302	617
302	674
302	709
302	716
302	738
302	755
302	955
303	351
303	404
303	444
303	445
303	456
303	498
303	518
303	537
303	597
303	906
304	349
304	371
304	380
304	438
304	509
304	676
304	682
304	882
304	886
304	995
305	394
305	474
305	532
305	546
305	547
305	585
305	907
305	938
306	410
306	549
306	555
306	610
306	673
306	797
306	830
306	874
307	331
307	340
307	522
307	553
307	563
307	591
307	673
308	376
308	401
308	409
308	424
308	445
308	469
308	495
308	597
308	793
308	821
309	423
309	435
309	592
309	625
309	652
309	731
309	784
309	810
309	961
310	410
310	483
310	489
310	557
310	653
310	660
310	694
310	698
310	725
310	838
310	874
310	878
311	402
311	410
311	466
311	552
311	711
311	828
311	962
311	975
311	992
312	325
312	536
312	565
312	620
312	762
312	829
312	927
312	952
312	959
313	408
313	468
313	562
313	594
313	606
313	675
313	751
314	316
314	369
314	403
314	452
314	453
314	469
314	509
314	562
314	573
314	606
314	754
314	865
314	885
314	995
315	346
315	378
315	415
315	581
315	609
315	894
316	383
316	464
316	485
316	509
316	536
316	807
316	864
316	889
317	394
317	408
317	439
317	530
317	545
318	378
318	380
318	405
318	548
318	558
318	714
318	782
318	808
319	333
319	457
319	481
319	541
319	546
319	674
319	785
319	974
319	981
320	358
320	403
320	410
320	457
320	533
320	653
320	770
320	989
321	343
321	478
321	637
321	783
321	822
321	841
321	909
322	353
322	366
322	483
322	513
322	792
322	836
322	916
322	959
322	990
323	373
323	444
323	448
323	472
323	510
323	543
323	697
323	942
324	357
324	455
324	727
324	826
324	849
324	919
324	928
324	977
325	344
325	398
325	408
325	413
325	590
325	628
325	706
325	735
325	864
326	439
326	459
326	462
326	499
326	582
326	695
326	735
326	867
326	916
326	976
327	368
327	379
327	604
327	609
327	706
327	910
328	367
328	605
328	691
328	812
328	942
328	947
328	981
329	500
329	528
329	588
329	589
329	592
329	635
329	658
329	739
329	982
330	417
330	541
330	567
330	584
330	648
330	699
330	767
330	791
330	822
330	880
330	951
330	956
330	991
330	999
331	358
331	520
331	628
331	663
331	673
331	724
331	725
331	778
331	820
331	860
331	895
331	917
332	505
332	547
332	551
332	553
332	582
332	603
332	665
332	668
332	813
333	366
333	419
333	432
333	467
333	554
333	593
333	612
333	857
333	916
333	980
334	372
334	641
334	720
334	740
334	772
334	859
335	376
335	400
335	411
335	604
335	625
335	654
335	691
335	737
336	648
336	708
336	747
336	752
336	762
336	770
336	773
336	846
336	848
336	857
336	945
336	980
336	991
337	421
337	436
337	703
337	777
337	799
337	960
337	962
338	410
338	420
338	466
338	542
338	652
338	671
338	700
338	978
339	342
339	408
339	426
339	439
339	478
339	517
339	813
339	833
340	393
340	550
340	743
340	748
340	778
340	834
340	898
340	935
341	417
341	442
341	481
341	523
341	531
341	587
341	638
341	693
341	944
342	371
342	460
342	544
342	783
342	843
342	871
342	923
343	348
343	395
343	434
343	479
343	485
343	566
343	953
343	990
343	998
344	540
344	555
344	591
344	611
344	687
344	743
344	772
344	895
344	920
345	447
345	487
345	535
345	542
345	739
345	901
345	928
345	999
346	368
346	534
346	548
346	578
346	600
346	627
346	753
346	775
346	794
346	808
346	850
346	903
347	523
347	578
347	826
347	873
347	913
348	442
348	471
348	513
348	524
348	821
348	908
349	409
349	420
349	453
349	487
349	649
349	754
349	890
349	928
350	378
350	431
350	493
350	572
350	618
350	638
350	669
350	686
350	774
350	801
350	910
351	385
351	565
351	641
351	674
351	969
352	405
352	406
352	532
352	534
352	640
352	667
352	753
352	808
352	970
353	362
353	521
353	585
353	647
353	862
353	893
353	965
354	428
354	429
354	433
354	483
354	492
354	535
354	781
354	947
355	472
355	476
355	595
355	602
355	625
355	683
355	892
356	407
356	515
356	560
356	601
356	636
356	681
356	762
356	833
356	856
356	951
357	387
357	411
357	571
357	633
357	705
357	732
357	822
357	986
358	458
358	533
358	549
358	610
358	623
358	631
358	664
358	719
358	831
359	416
359	528
359	592
359	663
359	673
360	401
360	418
360	457
360	481
360	544
360	584
360	594
360	752
360	827
360	974
360	995
361	383
361	390
361	531
361	547
361	559
361	738
361	882
361	897
362	364
362	553
362	817
362	918
362	960
363	395
363	403
363	470
363	533
363	549
363	610
363	865
363	887
363	904
364	500
364	630
364	656
364	862
364	970
365	544
365	579
365	614
365	654
365	781
365	868
365	886
365	900
366	410
366	477
366	511
367	477
367	503
367	646
367	685
367	701
367	864
367	910
367	912
368	376
368	378
368	477
368	663
368	671
368	685
368	774
368	970
369	397
369	682
369	745
369	928
370	415
370	425
370	474
370	497
370	527
370	544
370	546
370	656
370	687
370	796
370	911
371	509
371	835
371	881
371	886
371	995
372	444
372	448
372	450
372	696
372	721
372	903
372	905
372	984
373	450
373	456
373	458
373	488
373	537
373	601
373	626
373	697
373	922
373	989
373	995
374	428
374	439
374	447
374	481
374	549
374	569
374	576
374	652
375	409
375	465
375	472
375	622
375	720
375	776
376	556
376	687
376	972
377	457
377	470
377	515
377	519
377	567
377	629
377	632
377	635
377	810
377	834
378	379
378	389
378	485
378	488
378	597
378	633
378	686
378	748
378	787
379	404
379	416
379	599
379	642
379	725
379	750
380	453
380	469
380	717
380	807
380	881
381	424
381	488
381	565
381	627
381	657
381	721
381	887
381	940
381	959
382	443
382	552
382	606
382	698
382	763
382	972
383	402
383	420
383	466
383	603
383	733
383	913
383	962
384	416
384	498
384	580
384	590
384	628
384	920
384	988
385	490
385	867
385	923
386	401
386	402
386	427
386	675
386	677
386	804
386	978
387	501
387	607
387	637
387	821
387	844
387	849
387	909
387	918
387	985
388	420
388	430
388	455
388	594
388	631
388	636
388	651
388	824
389	397
389	519
389	548
389	599
389	638
389	715
389	779
389	808
389	900
390	428
390	429
390	617
390	717
390	812
390	847
390	850
391	396
391	440
391	502
391	545
391	593
391	728
391	978
391	980
392	486
392	514
392	522
392	530
392	585
392	703
392	789
392	817
392	918
393	430
393	559
393	560
393	601
393	743
393	782
393	956
393	990
394	545
394	813
394	845
395	404
395	415
395	607
395	841
396	431
396	440
396	444
396	593
396	853
396	926
396	962
397	405
397	477
397	503
397	532
397	604
397	618
397	655
398	461
398	596
398	663
398	783
398	805
398	820
398	905
399	440
399	482
399	490
399	559
399	616
399	846
399	915
399	924
400	454
400	469
400	527
400	698
400	709
400	883
400	961
401	481
401	493
401	546
401	751
401	762
401	839
401	862
401	945
402	592
402	709
402	738
402	847
402	992
403	511
403	660
403	904
403	929
404	409
404	412
404	422
404	444
404	554
404	627
404	793
404	877
404	954
405	415
405	428
405	866
405	943
405	948
405	971
406	419
406	421
407	430
407	495
407	636
407	809
407	861
408	423
408	431
408	503
408	517
408	973
409	461
409	566
409	668
409	885
409	932
409	940
410	489
410	819
410	838
410	854
411	489
411	498
411	549
411	608
411	615
411	660
411	694
411	829
412	424
412	504
412	672
412	859
413	458
413	572
413	885
414	415
414	556
414	572
414	666
414	722
414	794
414	903
414	904
415	477
415	575
415	778
415	971
416	496
416	628
416	713
416	722
416	980
417	723
417	770
417	785
417	899
417	906
418	453
418	481
418	523
418	531
418	587
418	634
418	774
419	459
419	735
419	857
419	877
419	968
420	428
420	582
420	676
420	691
420	760
420	816
420	898
421	490
421	513
421	548
421	706
421	792
421	863
421	864
422	510
422	544
422	640
422	696
422	721
422	740
422	926
423	493
423	526
423	531
423	634
423	718
423	751
423	829
423	863
424	444
424	613
424	719
424	980
425	456
425	462
425	527
425	595
425	714
425	756
425	907
426	429
426	783
426	888
426	957
426	977
427	475
427	517
427	746
427	848
428	605
428	644
428	739
428	828
429	492
429	503
429	569
429	700
429	913
429	991
430	594
430	711
430	766
430	824
430	835
430	930
430	950
430	987
431	570
431	575
431	634
431	765
432	648
432	735
432	876
432	976
433	650
433	768
433	869
433	899
434	454
434	486
434	558
434	661
434	737
435	453
435	501
435	506
435	518
435	553
435	612
435	635
435	701
436	479
436	557
436	710
436	777
436	842
437	450
437	523
437	534
437	537
437	539
437	551
437	622
437	764
437	891
438	453
438	471
438	486
438	645
438	710
438	737
438	807
438	865
438	883
438	995
439	535
439	545
439	657
439	675
440	474
440	602
440	644
440	675
440	736
440	805
440	994
441	490
441	517
441	601
441	613
441	623
442	451
442	543
442	592
442	665
442	767
442	907
442	996
443	544
443	556
443	593
443	654
443	801
443	936
444	510
444	626
444	847
445	488
445	504
445	543
445	626
445	720
445	744
445	793
445	796
445	863
446	455
446	474
446	876
447	535
447	540
447	571
447	733
447	738
447	875
447	902
448	620
448	622
448	641
448	683
448	706
448	720
448	740
448	954
449	480
449	643
449	832
449	849
449	945
449	985
450	453
450	626
450	674
450	959
451	499
451	513
451	553
451	733
451	851
451	963
452	464
452	516
452	861
453	509
453	659
453	682
453	800
454	513
454	598
454	614
454	806
454	988
455	463
455	1000
456	472
456	488
456	744
456	784
456	841
456	904
457	584
457	762
457	880
457	899
457	945
458	540
458	733
458	843
458	888
458	935
459	482
459	516
459	576
459	672
459	739
459	750
459	852
459	939
460	461
460	590
460	634
460	707
460	724
460	773
460	872
460	922
461	640
461	891
461	917
462	511
462	516
462	554
463	491
463	585
463	633
463	754
463	953
464	471
464	526
464	541
464	991
465	491
465	510
465	537
465	541
465	674
465	712
465	735
465	793
466	517
466	605
466	611
466	689
466	816
467	516
467	551
467	678
467	916
467	968
468	494
468	683
468	718
468	800
468	876
468	976
469	575
469	659
469	802
470	499
470	553
470	577
470	579
470	730
470	789
471	645
471	658
471	688
471	881
471	940
472	671
472	721
472	729
472	906
472	972
473	733
473	758
473	847
473	901
473	902
474	484
474	524
474	558
474	579
474	602
474	647
474	900
475	480
475	507
475	614
475	939
476	484
476	502
476	547
476	579
476	598
476	816
477	624
477	775
478	591
478	677
478	773
479	485
479	540
479	668
479	944
479	986
480	497
480	570
480	625
480	698
480	704
480	763
480	936
480	961
481	762
481	785
481	967
482	495
482	560
482	594
482	614
482	819
482	925
482	935
482	987
483	561
483	633
483	660
483	831
483	854
484	595
484	766
484	843
484	885
484	953
484	961
485	772
485	826
485	870
485	985
486	494
486	564
486	710
486	860
486	918
487	519
487	605
487	617
487	725
487	781
487	955
488	536
488	620
488	683
488	939
488	952
489	610
489	727
489	826
489	879
489	949
490	507
490	743
490	748
491	637
491	661
491	668
491	765
491	822
491	990
492	617
492	811
492	983
493	520
493	584
493	586
493	673
493	863
493	966
494	574
494	749
494	785
494	877
495	515
495	522
495	570
495	651
495	809
495	951
496	515
496	713
496	866
496	920
496	997
497	534
497	714
498	646
499	678
499	842
499	877
499	925
500	731
500	825
501	581
501	834
501	898
501	993
502	647
502	689
502	745
503	686
503	795
503	866
503	941
504	537
504	587
504	622
505	519
505	581
505	612
505	911
506	520
506	588
506	734
506	736
506	832
506	987
506	996
507	550
507	631
507	636
508	690
508	702
508	824
508	834
508	893
509	553
509	785
509	987
510	543
510	665
510	704
511	561
511	684
511	854
511	989
512	588
512	814
512	896
512	979
512	994
513	568
513	718
513	916
513	925
514	616
514	684
514	860
514	862
515	870
516	542
516	738
516	854
516	857
516	898
517	759
517	813
517	832
517	845
517	912
517	926
518	528
518	588
518	810
519	938
519	967
520	563
520	584
520	610
520	634
520	752
521	564
521	630
521	703
521	817
521	851
522	603
522	646
522	710
523	648
523	751
523	981
524	625
524	698
524	750
524	756
525	551
525	603
525	759
525	849
525	914
526	732
526	752
526	890
526	934
527	529
527	573
527	600
528	605
528	611
528	624
528	779
528	798
528	819
529	544
529	601
529	900
530	532
530	629
530	784
530	938
530	982
530	995
531	848
531	880
531	987
532	612
532	615
532	691
532	861
533	647
533	659
533	966
534	557
534	655
534	699
534	775
534	867
534	903
534	971
534	983
535	541
535	552
535	758
535	804
535	897
535	992
535	993
536	620
536	748
537	539
537	597
537	620
537	641
537	683
538	597
538	642
538	645
538	753
538	858
538	919
539	563
539	566
539	715
539	796
539	867
539	952
539	984
540	596
540	628
540	845
540	891
540	997
541	610
541	619
541	803
541	924
541	991
542	569
542	700
542	811
542	965
543	641
543	704
543	720
543	778
543	878
543	906
544	784
545	755
545	999
546	586
546	723
546	768
546	789
547	611
547	620
547	701
547	914
547	921
547	982
548	557
548	669
548	787
549	664
549	756
549	758
549	854
550	651
550	695
550	697
550	702
550	731
550	846
551	582
552	617
552	709
552	738
552	955
553	597
554	568
555	675
555	797
555	879
556	598
556	602
556	606
556	658
557	604
557	638
557	794
558	598
558	815
559	930
559	958
560	570
560	712
560	856
561	565
561	610
561	694
561	829
561	904
561	949
562	679
562	767
562	911
562	993
563	606
563	724
563	888
563	997
564	585
564	618
564	716
564	780
565	651
565	837
565	859
566	663
566	708
566	796
566	927
567	588
567	699
567	702
567	810
568	611
568	672
568	799
568	956
569	574
569	632
569	711
570	600
570	882
570	898
571	758
571	850
571	902
571	964
572	667
573	861
573	882
574	758
574	860
574	906
574	952
575	692
575	762
575	934
576	729
576	951
577	710
577	830
577	851
578	727
578	869
578	873
578	919
579	689
579	937
580	673
580	682
580	759
580	872
580	975
581	731
582	592
582	629
582	658
582	690
582	792
582	810
583	599
583	672
583	693
583	868
584	586
584	609
584	611
584	700
584	863
585	705
585	789
586	587
586	602
586	614
586	803
586	885
587	648
587	693
587	815
587	848
587	992
587	999
588	615
588	967
588	993
588	996
589	679
589	749
589	887
589	893
589	946
590	591
590	891
590	946
591	827
591	934
592	643
593	670
593	720
593	736
593	978
594	748
594	839
594	846
595	624
595	961
596	680
597	622
597	692
597	992
598	666
598	741
598	883
598	961
599	604
599	669
599	728
600	638
601	819
601	824
602	714
603	629
603	660
603	825
603	947
603	982
604	970
605	761
606	616
606	687
606	755
606	883
607	633
607	637
607	656
607	727
607	737
607	769
608	653
608	719
608	790
608	874
608	917
609	685
609	781
609	858
609	873
609	948
610	653
611	734
611	875
612	779
612	911
612	938
612	946
613	662
613	671
613	740
614	616
614	681
614	806
615	673
615	697
615	701
615	825
615	929
616	646
616	734
616	763
617	843
618	652
618	975
619	687
619	701
619	788
619	791
619	956
619	974
619	991
620	627
621	677
621	731
621	784
621	810
621	843
622	742
622	969
623	846
623	915
624	652
624	705
625	712
625	766
625	800
625	815
626	925
626	932
626	999
627	744
627	798
627	903
628	836
629	679
630	830
630	877
631	846
631	898
631	978
632	667
632	690
632	911
632	929
633	651
633	702
633	826
633	841
633	928
633	986
634	638
634	657
634	705
634	723
634	795
635	911
636	745
638	657
638	730
638	971
639	729
639	781
639	810
639	811
639	840
640	878
641	729
642	684
642	827
642	910
643	727
643	974
644	670
644	770
644	814
645	732
645	807
647	654
648	657
648	899
649	701
649	779
650	772
650	795
650	809
651	809
651	855
652	709
652	729
652	840
652	983
653	691
653	741
653	966
654	682
654	989
655	941
655	968
656	839
657	693
657	747
657	884
658	875
658	946
659	717
659	802
659	855
660	811
660	937
661	689
661	815
661	918
662	666
662	677
662	725
662	917
663	721
663	891
664	853
664	874
664	949
664	972
665	823
665	874
665	907
666	759
666	920
666	957
667	676
667	750
667	774
667	799
668	986
669	775
669	894
670	718
670	776
670	973
671	690
671	786
671	980
672	815
672	836
672	924
673	776
673	988
674	793
674	813
675	757
675	978
676	902
677	778
677	820
678	876
679	690
679	979
680	871
680	885
680	891
680	915
681	809
681	819
681	824
682	694
682	881
682	927
683	764
683	922
684	817
686	699
686	706
686	846
687	801
687	896
688	692
688	732
688	861
689	875
689	983
690	701
690	807
690	893
691	739
691	902
692	753
692	909
693	974
694	726
695	852
695	993
696	744
696	876
696	932
696	959
697	793
697	969
698	714
698	883
699	894
699	977
700	799
700	964
700	992
701	784
702	875
703	731
703	734
704	744
704	938
704	940
705	708
705	757
705	762
706	715
706	966
707	785
707	803
707	811
707	974
707	999
708	723
708	819
709	722
709	729
709	970
709	983
710	730
710	963
711	761
711	834
711	931
712	737
712	972
713	780
713	871
713	886
715	806
715	808
715	943
716	781
716	913
716	962
717	800
717	802
719	754
719	831
719	853
719	949
720	764
721	905
721	922
722	760
723	730
723	956
724	734
724	783
724	871
725	888
725	998
726	907
726	929
727	783
727	822
727	823
727	919
729	897
730	842
730	931
733	882
735	812
736	765
736	813
736	878
737	756
737	806
737	823
739	758
739	901
740	837
740	887
742	892
742	897
742	954
743	958
744	796
744	851
744	906
745	824
745	951
746	814
746	896
746	994
747	769
747	770
747	837
747	863
748	939
748	958
749	777
751	770
752	757
753	794
753	950
754	827
754	854
755	801
755	923
755	972
756	914
759	972
761	777
761	841
761	945
762	785
763	782
763	815
763	943
763	1000
764	859
764	888
766	777
766	903
767	807
767	914
768	821
768	880
768	931
768	945
768	977
769	950
770	848
770	870
770	991
771	772
771	821
771	844
771	953
772	797
773	872
773	883
774	919
774	943
775	903
775	971
776	778
779	868
779	982
780	998
781	923
782	950
783	914
783	919
785	788
786	912
786	945
786	971
788	981
789	830
790	966
791	863
791	884
792	799
793	844
793	853
794	946
795	821
796	952
797	913
798	938
801	936
802	804
803	848
803	871
805	973
806	968
807	861
807	886
808	827
809	951
811	828
811	847
813	845
813	896
813	994
816	828
816	936
817	854
817	933
818	832
821	970
822	862
823	841
823	873
823	925
825	929
825	996
826	844
827	946
828	934
828	997
830	933
831	838
831	842
831	947
832	918
833	973
834	875
834	982
835	870
835	935
835	998
836	893
837	913
838	957
839	931
839	933
839	997
840	872
840	891
841	844
842	860
842	965
843	867
844	869
845	957
846	856
850	894
851	910
852	996
853	989
854	937
855	915
856	987
857	968
858	941
859	980
860	881
860	979
865	949
865	989
868	939
869	944
869	977
873	1000
875	996
880	899
881	920
882	947
884	899
884	933
887	905
887	940
887	959
889	908
889	934
892	921
893	914
893	986
900	996
901	921
901	962
902	950
902	983
905	942
905	959
906	979
907	967
908	985
909	918
911	976
912	975
915	951
916	968
917	934
918	987
920	937
920	998
921	929
921	946
922	932
923	966
924	971
924	987
925	935
926	957
926	975
939	973
949	989
951	958
959	969
967	993
988	998
