1	8
1	11
1	14
1	58
1	70
1	79
1	83
1	86
1	90
1	92
1	97
1	99
1	106
1	152
1	157
1	172
1	188
1	207
1	224
1	233
1	243
1	250
1	262
1	294
1	297
1	298
1	315
1	351
1	355
1	356
1	382
1	384
1	395
1	402
1	422
1	434
1	440
1	445
1	474
1	510
1	546
1	605
1	645
1	730
1	766
1	786
1	828
1	830
1	908
1	917
2	30
2	33
2	34
2	61
2	64
2	69
2	131
2	134
2	148
2	154
2	166
2	179
2	186
2	223
2	232
2	237
2	285
2	296
2	297
2	311
2	318
2	334
2	339
2	363
2	382
2	396
2	429
2	447
2	507
2	508
2	517
2	533
2	552
2	565
2	666
2	668
2	693
2	710
2	724
2	778
2	804
2	812
2	820
2	839
2	911
2	927
2	931
2	943
2	1000
3	5
3	6
3	24
3	48
3	89
3	111
3	126
3	133
3	149
3	153
3	182
3	206
3	212
3	230
3	253
3	274
3	312
3	320
3	324
3	326
3	361
3	384
3	391
3	393
3	401
3	405
3	461
3	463
3	500
3	523
3	527
3	555
3	566
3	567
3	584
3	644
3	654
3	663
3	666
3	690
3	731
3	768
3	774
3	800
3	849
3	924
3	933
3	972
3	983
4	17
4	26
4	41
4	62
4	69
4	72
4	78
4	86
4	88
4	140
4	183
4	197
4	208
4	254
4	302
4	305
4	327
4	333
4	371
4	378
4	385
4	423
4	424
4	470
4	490
4	498
4	505
4	556
4	561
4	593
4	614
4	628
4	632
4	641
4	648
4	674
4	684
4	703
4	749
4	770
4	781
4	787
4	810
4	815
4	849
4	929
4	934
4	995
4	996
5	15
5	24
5	36
5	43
5	45
5	58
5	75
5	89
5	111
5	133
5	149
5	153
5	155
5	183
5	193
5	206
5	245
5	248
5	253
5	258
5	264
5	266
5	274
5	286
5	324
5	361
5	379
5	384
5	391
5	393
5	401
5	406
5	450
5	463
5	585
5	614
5	663
5	690
5	743
5	744
5	875
5	878
5	884
5	896
5	924
5	933
5	972
5	977
6	23
6	33
6	47
6	48
6	54
6	81
6	85
6	93
6	116
6	119
6	129
6	135
6	139
6	155
6	165
6	170
6	176
6	178
6	268
6	314
6	323
6	335
6	367
6	386
6	394
6	401
6	425
6	427
6	478
6	521
6	550
6	570
6	579
6	588
6	623
6	634
6	643
6	656
6	667
6	672
6	678
6	785
6	789
6	823
6	841
6	946
6	998
7	28
7	50
7	67
7	72
7	80
7	93
7	94
7	103
7	104
7	108
7	140
7	160
7	190
7	199
7	210
7	239
7	257
7	275
7	283
7	312
7	322
7	343
7	346
7	354
7	386
7	410
7	432
7	449
7	465
7	476
7	483
7	493
7	495
7	499
7	502
7	535
7	627
7	642
7	643
7	644
7	697
7	741
7	775
7	796
7	818
7	887
7	899
7	958
8	10
8	14
8	25
8	58
8	70
8	86
8	90
8	97
8	99
8	106
8	130
8	168
8	172
8	201
8	205
8	207
8	217
8	218
8	219
8	221
8	225
8	233
8	243
8	250
8	251
8	262
8	337
8	356
8	398
8	404
8	456
8	515
8	534
8	539
8	564
8	574
8	605
8	630
8	645
8	714
8	828
8	830
8	843
8	896
8	914
8	920
9	29
9	49
9	51
9	68
9	82
9	98
9	113
9	121
9	123
9	124
9	176
9	181
9	191
9	200
9	251
9	266
9	277
9	286
9	288
9	299
9	321
9	345
9	389
9	412
9	416
9	438
9	471
9	511
9	522
9	525
9	540
9	554
9	591
9	649
9	653
9	678
9	693
9	720
9	721
9	778
9	799
9	851
9	859
9	883
9	913
9	949
9	966
10	26
10	44
10	47
10	56
10	77
10	80
10	95
10	101
10	115
10	128
10	130
10	142
10	184
10	203
10	213
10	238
10	261
10	307
10	311
10	323
10	338
10	349
10	354
10	372
10	388
10	419
10	426
10	474
10	485
10	487
10	516
10	543
10	592
10	594
10	596
10	598
10	616
10	625
10	723
10	725
10	763
10	797
10	825
10	838
10	924
10	965
11	27
11	32
11	38
11	53
11	55
11	59
11	92
11	109
11	129
11	136
11	163
11	174
11	202
11	203
11	208
11	211
11	216
11	255
11	392
11	417
11	436
11	445
11	448
11	452
11	453
11	467
11	472
11	481
11	519
11	570
11	582
11	603
11	640
11	662
11	749
11	757
11	762
11	764
11	782
11	833
11	846
11	856
11	867
11	918
11	939
12	18
12	30
12	39
12	42
12	62
12	114
12	127
12	147
12	164
12	173
12	193
12	201
12	267
12	271
12	316
12	347
12	350
12	375
12	380
12	383
12	399
12	403
12	409
12	431
12	443
12	452
12	457
12	496
12	572
12	581
12	602
12	607
12	610
12	626
12	675
12	679
12	701
12	706
12	740
12	742
12	754
12	808
12	877
12	895
12	973
12	985
13	33
13	74
13	105
13	141
13	149
13	152
13	159
13	161
13	169
13	198
13	251
13	269
13	287
13	300
13	304
13	306
13	318
13	359
13	376
13	385
13	395
13	400
13	420
13	492
13	524
13	531
13	541
13	563
13	575
13	597
13	652
13	676
13	690
13	710
13	722
13	767
13	779
13	806
13	824
13	848
13	885
13	886
13	893
13	938
13	957
13	965
14	58
14	70
14	79
14	83
14	86
14	87
14	90
14	97
14	104
14	106
14	125
14	137
14	188
14	192
14	205
14	207
14	209
14	219
14	233
14	298
14	303
14	330
14	364
14	398
14	402
14	422
14	442
14	444
14	510
14	534
14	540
14	558
14	564
14	574
14	577
14	600
14	661
14	712
14	723
14	815
14	830
14	843
14	908
15	18
15	22
15	76
15	88
15	91
15	100
15	107
15	112
15	118
15	122
15	145
15	156
15	195
15	206
15	214
15	216
15	249
15	272
15	341
15	344
15	348
15	379
15	390
15	440
15	464
15	488
15	491
15	497
15	509
15	525
15	551
15	620
15	674
15	705
15	758
15	780
15	814
15	845
15	880
15	888
15	901
15	970
15	987
15	991
16	30
16	39
16	42
16	61
16	62
16	114
16	117
16	145
16	177
16	187
16	225
16	231
16	267
16	271
16	301
16	305
16	347
16	362
16	365
16	380
16	383
16	403
16	431
16	443
16	452
16	494
16	496
16	514
16	581
16	644
16	667
16	679
16	682
16	732
16	742
16	775
16	827
16	845
16	855
16	858
16	865
16	895
16	930
16	950
16	954
17	20
17	31
17	38
17	41
17	60
17	78
17	88
17	117
17	180
17	183
17	214
17	254
17	273
17	279
17	302
17	305
17	339
17	353
17	378
17	410
17	413
17	421
17	423
17	424
17	446
17	455
17	479
17	489
17	498
17	501
17	505
17	561
17	619
17	628
17	648
17	674
17	684
17	703
17	739
17	787
17	802
17	872
17	996
18	22
18	46
18	76
18	91
18	98
18	100
18	107
18	112
18	118
18	122
18	133
18	145
18	156
18	162
18	195
18	205
18	216
18	272
18	341
18	348
18	352
18	373
18	414
18	439
18	470
18	484
18	505
18	525
18	542
18	595
18	620
18	629
18	637
18	646
18	705
18	788
18	807
18	808
18	853
18	860
18	865
18	873
19	21
19	25
19	30
19	31
19	35
19	37
19	43
19	52
19	57
19	64
19	102
19	109
19	117
19	138
19	150
19	153
19	158
19	184
19	196
19	228
19	233
19	256
19	265
19	270
19	276
19	284
19	290
19	291
19	350
19	377
19	433
19	454
19	458
19	506
19	530
19	549
19	572
19	573
19	600
19	651
19	748
19	756
19	791
19	861
20	41
20	55
20	78
20	137
20	163
20	183
20	189
20	254
20	273
20	279
20	327
20	353
20	366
20	385
20	410
20	421
20	424
20	428
20	446
20	455
20	457
20	479
20	489
20	498
20	505
20	528
20	536
20	561
20	568
20	618
20	632
20	648
20	674
20	691
20	703
20	716
20	739
20	749
20	753
20	770
20	790
20	874
21	25
21	31
21	37
21	43
21	52
21	63
21	64
21	73
21	132
21	133
21	158
21	184
21	193
21	196
21	204
21	236
21	252
21	256
21	270
21	276
21	291
21	309
21	310
21	325
21	387
21	422
21	441
21	512
21	524
21	549
21	612
21	647
21	651
21	706
21	746
21	754
21	791
21	837
21	891
21	922
21	939
21	962
22	46
22	73
22	81
22	82
22	91
22	107
22	112
22	118
22	122
22	146
22	156
22	167
22	195
22	248
22	252
22	258
22	298
22	317
22	329
22	338
22	348
22	364
22	390
22	430
22	440
22	451
22	464
22	497
22	525
22	617
22	624
22	780
22	813
22	814
22	826
22	845
22	852
22	873
22	970
22	992
22	993
23	35
23	48
23	54
23	81
23	85
23	116
23	119
23	134
23	135
23	139
23	143
23	155
23	176
23	178
23	217
23	289
23	314
23	335
23	367
23	386
23	394
23	411
23	425
23	463
23	478
23	508
23	518
23	521
23	579
23	598
23	612
23	620
23	634
23	643
23	667
23	735
23	762
23	785
23	823
23	841
23	852
23	946
24	25
24	36
24	45
24	55
24	89
24	109
24	111
24	121
24	133
24	146
24	149
24	153
24	240
24	248
24	264
24	266
24	274
24	312
24	324
24	361
24	362
24	391
24	393
24	405
24	406
24	414
24	461
24	508
24	567
24	664
24	666
24	690
24	712
24	774
24	800
24	849
24	875
24	878
24	896
24	983
25	35
25	40
25	43
25	64
25	73
25	87
25	102
25	106
25	132
25	138
25	150
25	158
25	184
25	228
25	236
25	256
25	263
25	265
25	319
25	360
25	389
25	442
25	468
25	530
25	560
25	572
25	593
25	748
25	754
25	756
25	761
25	765
25	769
25	791
25	819
25	833
25	906
25	939
26	44
26	47
26	56
26	57
26	65
26	75
26	80
26	94
26	95
26	96
26	101
26	103
26	110
26	115
26	128
26	146
26	189
26	203
26	213
26	238
26	241
26	311
26	313
26	323
26	327
26	338
26	466
26	474
26	502
26	587
26	611
26	665
26	673
26	713
26	732
26	779
26	797
26	948
26	997
26	998
27	29
27	31
27	32
27	38
27	53
27	55
27	59
27	92
27	104
27	109
27	136
27	163
27	174
27	202
27	208
27	211
27	280
27	293
27	308
27	392
27	436
27	444
27	445
27	453
27	467
27	481
27	508
27	522
27	603
27	626
27	640
27	662
27	697
27	745
27	750
27	760
27	764
27	782
27	856
27	918
27	928
28	67
28	68
28	72
28	93
28	108
28	116
28	125
28	126
28	160
28	164
28	165
28	191
28	199
28	204
28	210
28	239
28	257
28	283
28	322
28	354
28	357
28	374
28	386
28	432
28	435
28	437
28	465
28	473
28	476
28	483
28	495
28	520
28	535
28	544
28	627
28	692
28	733
28	736
28	775
28	811
28	936
29	49
29	51
29	68
29	82
29	98
29	113
29	121
29	124
29	180
29	181
29	191
29	200
29	244
29	246
29	272
29	277
29	299
29	321
29	345
29	346
29	412
29	489
29	511
29	522
29	540
29	554
29	579
29	599
29	613
29	649
29	678
29	720
29	778
29	796
29	882
29	935
29	940
29	949
29	954
30	39
30	42
30	114
30	125
30	127
30	131
30	151
30	173
30	187
30	301
30	362
30	370
30	375
30	380
30	411
30	443
30	447
30	452
30	514
30	518
30	538
30	556
30	596
30	602
30	604
30	616
30	622
30	638
30	675
30	679
30	687
30	829
30	866
30	879
30	930
30	953
30	985
31	37
31	43
31	52
31	64
31	73
31	74
31	77
31	81
31	102
31	117
31	132
31	138
31	150
31	184
31	196
31	259
31	263
31	278
31	291
31	294
31	309
31	377
31	389
31	442
31	458
31	501
31	530
31	531
31	544
31	692
31	754
31	768
31	817
31	960
31	962
31	968
31	975
32	38
32	53
32	55
32	67
32	92
32	109
32	129
32	136
32	163
32	197
32	208
32	211
32	252
32	255
32	293
32	337
32	338
32	368
32	392
32	436
32	445
32	453
32	467
32	474
32	482
32	508
32	519
32	572
32	640
32	662
32	731
32	745
32	746
32	750
32	757
32	764
32	782
32	900
32	981
33	34
33	41
33	48
33	69
33	96
33	131
33	134
33	148
33	166
33	179
33	186
33	214
33	223
33	232
33	237
33	285
33	295
33	297
33	318
33	363
33	368
33	382
33	419
33	429
33	507
33	545
33	565
33	566
33	586
33	587
33	751
33	753
33	793
33	804
33	821
33	927
33	931
33	952
34	67
34	131
34	148
34	154
34	166
34	179
34	186
34	189
34	214
34	220
34	223
34	232
34	237
34	285
34	318
34	334
34	339
34	368
34	376
34	521
34	533
34	551
34	552
34	565
34	566
34	688
34	695
34	711
34	724
34	727
34	751
34	760
34	901
34	923
34	926
34	931
34	943
34	994
34	1000
35	37
35	43
35	52
35	64
35	73
35	102
35	117
35	138
35	171
35	184
35	196
35	220
35	236
35	259
35	270
35	278
35	284
35	291
35	325
35	331
35	411
35	458
35	530
35	549
35	550
35	572
35	593
35	651
35	754
35	791
35	803
35	817
35	882
35	922
35	957
35	960
35	968
35	982
36	45
36	89
36	111
36	126
36	149
36	175
36	182
36	187
36	206
36	230
36	240
36	245
36	248
36	266
36	274
36	300
36	316
36	320
36	324
36	361
36	381
36	384
36	393
36	424
36	463
36	477
36	487
36	500
36	548
36	582
36	584
36	663
36	664
36	774
36	875
36	878
36	892
36	962
36	986
37	52
37	64
37	73
37	79
37	87
37	102
37	117
37	138
37	150
37	158
37	190
37	236
37	259
37	284
37	292
37	294
37	309
37	325
37	338
37	348
37	351
37	358
37	389
37	431
37	433
37	454
37	460
37	469
37	549
37	560
37	615
37	769
37	819
37	861
37	962
37	966
37	980
38	44
38	53
38	55
38	59
38	92
38	109
38	129
38	136
38	161
38	174
38	191
38	202
38	208
38	211
38	255
38	293
38	308
38	337
38	384
38	392
38	436
38	448
38	472
38	481
38	482
38	603
38	641
38	660
38	762
38	782
38	833
38	867
38	900
38	910
38	916
38	981
39	42
39	61
39	74
39	114
39	127
39	147
39	150
39	151
39	179
39	187
39	193
39	194
39	218
39	225
39	231
39	267
39	271
39	303
39	318
39	362
39	370
39	431
39	447
39	452
39	494
39	504
39	538
39	553
39	566
39	604
39	607
39	638
39	675
39	718
39	895
39	902
39	930
40	90
40	105
40	141
40	159
40	161
40	169
40	198
40	208
40	241
40	242
40	269
40	300
40	304
40	341
40	420
40	445
40	492
40	524
40	559
40	563
40	575
40	592
40	623
40	635
40	639
40	652
40	658
40	670
40	685
40	710
40	728
40	755
40	767
40	808
40	824
40	836
40	848
40	886
40	957
41	78
41	85
41	88
41	183
41	197
41	207
41	280
41	305
41	333
41	341
41	353
41	362
41	366
41	378
41	385
41	423
41	428
41	446
41	455
41	470
41	490
41	498
41	505
41	506
41	536
41	562
41	606
41	684
41	717
41	726
41	749
41	787
41	790
41	870
41	872
41	995
42	86
42	101
42	114
42	151
42	157
42	173
42	177
42	187
42	190
42	193
42	225
42	267
42	271
42	301
42	316
42	350
42	362
42	375
42	383
42	399
42	415
42	476
42	504
42	528
42	601
42	621
42	657
42	675
42	682
42	690
42	809
42	855
42	877
42	902
42	930
42	953
43	64
43	73
43	117
43	123
43	132
43	138
43	150
43	184
43	196
43	207
43	228
43	256
43	259
43	284
43	290
43	291
43	292
43	309
43	358
43	363
43	374
43	433
43	460
43	501
43	514
43	531
43	769
43	791
43	792
43	817
43	819
43	939
43	944
43	955
44	65
44	77
44	84
44	96
44	115
44	128
44	142
44	144
44	146
44	241
44	261
44	278
44	307
44	313
44	349
44	371
44	381
44	416
44	430
44	466
44	474
44	532
44	538
44	543
44	601
44	603
44	669
44	702
44	709
44	737
44	827
44	838
44	844
44	846
44	876
44	965
45	89
45	97
45	128
45	130
45	133
45	135
45	149
45	153
45	186
45	230
45	245
45	248
45	253
45	324
45	326
45	340
45	361
45	379
45	391
45	450
45	477
45	529
45	548
45	562
45	567
45	585
45	608
45	654
45	686
45	774
45	800
45	867
45	875
45	892
45	963
45	977
46	76
46	80
46	91
46	100
46	108
46	122
46	145
46	156
46	162
46	164
46	216
46	219
46	229
46	249
46	272
46	329
46	341
46	364
46	373
46	390
46	414
46	430
46	440
46	467
46	484
46	525
46	617
46	633
46	784
46	808
46	813
46	843
46	858
46	867
46	873
46	880
46	932
47	65
47	75
47	84
47	95
47	96
47	107
47	115
47	117
47	120
47	128
47	203
47	213
47	226
47	238
47	241
47	282
47	307
47	311
47	313
47	369
47	372
47	381
47	458
47	474
47	485
47	486
47	516
47	543
47	594
47	596
47	650
47	683
47	713
47	723
47	879
47	947
48	54
48	81
48	116
48	119
48	135
48	139
48	143
48	155
48	165
48	167
48	170
48	176
48	178
48	289
48	335
48	336
48	369
48	427
48	478
48	558
48	560
48	579
48	667
48	735
48	750
48	798
48	823
48	830
48	832
48	841
48	923
48	946
48	971
48	990
49	51
49	66
49	68
49	82
49	104
49	113
49	121
49	124
49	180
49	181
49	191
49	194
49	200
49	244
49	247
49	251
49	277
49	295
49	321
49	331
49	403
49	490
49	511
49	558
49	599
49	717
49	720
49	750
49	778
49	851
49	857
49	882
49	883
49	940
49	949
49	954
50	67
50	72
50	93
50	94
50	101
50	108
50	125
50	140
50	160
50	165
50	190
50	199
50	201
50	204
50	210
50	239
50	322
50	354
50	357
50	435
50	493
50	544
50	580
50	627
50	659
50	683
50	699
50	733
50	741
50	825
50	832
50	862
50	873
50	925
50	926
50	972
50	999
51	68
51	77
51	82
51	107
51	113
51	121
51	124
51	175
51	180
51	191
51	200
51	244
51	247
51	251
51	277
51	288
51	295
51	299
51	309
51	321
51	322
51	331
51	345
51	346
51	412
51	438
51	522
51	538
51	540
51	653
51	738
51	859
51	882
51	883
51	913
52	64
52	87
52	117
52	123
52	132
52	150
52	158
52	184
52	263
52	276
52	278
52	284
52	294
52	309
52	310
52	347
52	351
52	353
52	441
52	442
52	448
52	454
52	549
52	692
52	697
52	834
52	840
52	847
52	861
52	866
52	902
52	920
52	931
53	55
53	59
53	72
53	92
53	109
53	118
53	129
53	136
53	162
53	163
53	174
53	202
53	229
53	392
53	417
53	436
53	448
53	453
53	481
53	482
53	508
53	640
53	657
53	669
53	731
53	745
53	750
53	770
53	782
53	833
53	900
53	928
53	981
53	984
54	81
54	85
54	102
54	103
54	116
54	119
54	139
54	143
54	155
54	165
54	170
54	173
54	176
54	178
54	231
54	257
54	289
54	314
54	335
54	336
54	360
54	386
54	427
54	527
54	550
54	612
54	663
54	734
54	735
54	785
54	789
54	894
54	923
54	958
54	971
55	58
55	59
55	92
55	109
55	129
55	136
55	163
55	174
55	202
55	208
55	211
55	255
55	308
55	315
55	322
55	392
55	436
55	445
55	453
55	467
55	472
55	482
55	492
55	603
55	745
55	782
55	796
55	797
55	833
55	856
56	67
56	75
56	77
56	80
56	101
56	115
56	119
56	120
56	146
56	189
56	212
56	213
56	215
56	237
56	241
56	261
56	311
56	349
56	358
56	388
56	418
56	543
56	596
56	601
56	610
56	631
56	673
56	677
56	723
56	725
56	792
56	889
56	903
56	984
56	997
57	61
57	75
57	77
57	80
57	110
57	120
57	141
57	146
57	189
57	203
57	209
57	226
57	241
57	307
57	369
57	388
57	420
57	423
57	426
57	485
57	516
57	532
57	596
57	601
57	658
57	677
57	721
57	792
57	825
57	838
57	846
57	890
57	903
57	919
57	987
58	70
58	79
58	90
58	99
58	106
58	134
58	135
58	137
58	152
58	175
58	205
58	218
58	224
58	250
58	282
58	303
58	315
58	355
58	421
58	444
58	456
58	484
58	502
58	510
58	534
58	605
58	630
58	681
58	766
58	869
58	979
58	988
59	109
59	136
59	141
59	149
59	163
59	174
59	205
59	208
59	211
59	255
59	293
59	308
59	337
59	392
59	432
59	453
59	458
59	472
59	481
59	482
59	519
59	600
59	640
59	757
59	760
59	764
59	833
59	856
59	900
59	928
59	975
60	63
60	66
60	168
60	185
60	215
60	227
60	342
60	343
60	409
60	522
60	523
60	537
60	539
60	547
60	571
60	609
60	637
60	685
60	696
60	698
60	700
60	711
60	714
60	715
60	716
60	721
60	728
60	735
60	801
60	897
60	912
60	945
60	952
60	967
60	991
61	107
61	114
61	136
61	147
61	173
61	222
61	225
61	238
61	258
61	267
61	316
61	380
61	383
61	399
61	403
61	411
61	415
61	431
61	452
61	462
61	504
61	528
61	602
61	621
61	675
61	682
61	701
61	718
61	752
61	827
61	866
61	950
62	95
62	127
62	138
62	147
62	168
62	173
62	177
62	187
62	217
62	231
62	267
62	297
62	347
62	370
62	399
62	403
62	457
62	462
62	504
62	528
62	538
62	553
62	616
62	622
62	627
62	638
62	682
62	696
62	718
62	827
62	865
62	902
62	930
63	66
63	71
63	111
63	215
63	227
63	260
63	332
63	343
63	503
63	523
63	547
63	557
63	606
63	609
63	637
63	643
63	687
63	698
63	700
63	720
63	740
63	759
63	768
63	783
63	795
63	809
63	897
63	910
63	929
63	945
63	952
63	959
63	967
63	991
64	87
64	117
64	123
64	138
64	157
64	158
64	171
64	236
64	284
64	290
64	292
64	294
64	309
64	358
64	469
64	501
64	512
64	513
64	530
64	569
64	572
64	573
64	595
64	784
64	891
64	908
64	962
65	75
65	77
65	80
65	84
65	95
65	110
65	128
65	142
65	146
65	203
65	207
65	209
65	213
65	223
65	234
65	261
65	301
65	323
65	416
65	466
65	487
65	554
65	587
65	594
65	625
65	669
65	763
65	832
65	879
65	903
65	915
65	953
65	984
66	71
66	181
66	185
66	198
66	211
66	215
66	221
66	227
66	234
66	260
66	301
66	304
66	342
66	343
66	409
66	480
66	503
66	523
66	557
66	571
66	609
66	660
66	696
66	698
66	700
66	714
66	721
66	772
66	801
66	912
66	952
66	973
66	991
67	94
67	104
67	108
67	125
67	164
67	199
67	204
67	246
67	257
67	275
67	283
67	325
67	449
67	465
67	493
67	502
67	520
67	544
67	569
67	599
67	636
67	699
67	733
67	862
67	925
67	936
67	947
67	999
67	1000
68	82
68	98
68	113
68	121
68	124
68	180
68	181
68	191
68	194
68	200
68	262
68	295
68	299
68	331
68	346
68	397
68	412
68	438
68	540
68	554
68	653
68	672
68	693
68	738
68	752
68	799
68	889
68	954
68	957
68	966
69	134
69	148
69	154
69	179
69	220
69	222
69	223
69	232
69	269
69	282
69	296
69	318
69	334
69	339
69	342
69	363
69	394
69	396
69	397
69	408
69	545
69	552
69	555
69	565
69	566
69	736
69	793
69	822
69	926
69	943
69	993
69	1000
70	82
70	97
70	99
70	130
70	137
70	168
70	175
70	192
70	205
70	218
70	219
70	221
70	224
70	235
70	315
70	330
70	355
70	356
70	402
70	434
70	444
70	515
70	541
70	546
70	573
70	704
70	772
70	828
70	830
70	857
70	920
71	84
71	169
71	185
71	260
71	342
71	343
71	401
71	480
71	482
71	503
71	568
71	571
71	573
71	609
71	637
71	660
71	694
71	696
71	698
71	700
71	711
71	714
71	715
71	759
71	783
71	790
71	795
71	819
71	897
71	910
71	959
71	979
71	991
72	93
72	94
72	108
72	160
72	164
72	209
72	210
72	239
72	283
72	337
72	354
72	374
72	432
72	435
72	485
72	495
72	499
72	502
72	535
72	580
72	627
72	642
72	775
72	818
72	850
72	892
72	925
72	936
72	956
72	999
73	87
73	132
73	158
73	171
73	184
73	265
73	276
73	290
73	291
73	310
73	368
73	460
73	501
73	593
73	636
73	689
73	692
73	756
73	765
73	776
73	803
73	817
73	819
73	861
73	891
73	895
73	922
73	970
74	75
74	105
74	127
74	159
74	161
74	169
74	198
74	212
74	221
74	242
74	281
74	300
74	304
74	306
74	376
74	400
74	492
74	559
74	563
74	575
74	578
74	592
74	623
74	639
74	652
74	671
74	728
74	755
74	805
74	885
74	886
74	898
75	84
75	95
75	96
75	99
75	128
75	142
75	209
75	226
75	254
75	261
75	313
75	349
75	372
75	388
75	426
75	466
75	577
75	687
75	702
75	713
75	723
75	737
75	747
75	794
75	825
75	826
75	876
75	905
76	112
76	145
76	156
76	178
76	195
76	216
76	229
76	235
76	317
76	344
76	352
76	373
76	414
76	430
76	464
76	488
76	542
76	567
76	576
76	577
76	615
76	617
76	650
76	699
76	758
76	801
76	814
76	816
76	860
76	968
76	970
76	992
77	80
77	84
77	95
77	96
77	105
77	128
77	144
77	238
77	298
77	307
77	323
77	372
77	393
77	416
77	439
77	466
77	485
77	486
77	503
77	594
77	625
77	713
77	747
77	794
77	905
77	951
77	997
78	88
78	180
78	197
78	222
78	254
78	279
78	294
78	305
78	336
78	421
78	428
78	446
78	449
78	479
78	489
78	498
78	526
78	554
78	627
78	641
78	691
78	717
78	739
78	771
78	790
78	842
78	870
78	874
78	934
78	995
79	83
79	86
79	87
79	90
79	152
79	157
79	168
79	172
79	205
79	219
79	233
79	250
79	254
79	303
79	330
79	335
79	337
79	402
79	404
79	435
79	574
79	577
79	589
79	641
79	661
79	704
79	730
79	766
79	869
79	908
80	84
80	101
80	112
80	120
80	130
80	189
80	209
80	307
80	466
80	474
80	485
80	631
80	642
80	665
80	673
80	713
80	723
80	725
80	733
80	838
80	846
80	879
80	919
80	941
80	965
80	997
81	93
81	116
81	135
81	139
81	143
81	155
81	165
81	170
81	176
81	181
81	186
81	256
81	268
81	335
81	367
81	407
81	521
81	527
81	598
81	612
81	643
81	667
81	672
81	789
81	823
81	852
81	958
81	971
82	95
82	98
82	113
82	117
82	121
82	181
82	191
82	194
82	219
82	247
82	277
82	288
82	295
82	299
82	438
82	443
82	471
82	540
82	554
82	613
82	635
82	653
82	693
82	778
82	851
82	882
82	966
83	85
83	86
83	90
83	97
83	137
83	172
83	175
83	192
83	207
83	218
83	233
83	250
83	319
83	330
83	355
83	356
83	398
83	418
83	434
83	471
83	510
83	523
83	526
83	600
83	645
83	661
83	681
83	749
83	835
83	908
83	917
84	101
84	130
84	142
84	144
84	146
84	209
84	213
84	226
84	238
84	241
84	287
84	311
84	338
84	444
84	469
84	475
84	587
84	596
84	601
84	628
84	658
84	665
84	677
84	713
84	797
84	825
84	905
85	119
85	135
85	139
85	155
85	165
85	170
85	176
85	178
85	242
85	268
85	299
85	314
85	335
85	336
85	386
85	394
85	427
85	484
85	695
85	719
85	734
85	785
85	832
85	841
85	923
85	938
85	946
85	971
85	998
86	90
86	97
86	99
86	106
86	137
86	152
86	168
86	172
86	188
86	219
86	243
86	250
86	282
86	303
86	330
86	355
86	398
86	534
86	565
86	630
86	661
86	704
86	730
86	759
86	832
86	858
87	102
87	117
87	132
87	138
87	150
87	158
87	171
87	196
87	228
87	236
87	263
87	265
87	294
87	387
87	389
87	393
87	441
87	458
87	460
87	560
87	593
87	765
87	863
87	925
87	975
87	996
88	111
88	183
88	211
88	254
88	270
88	273
88	279
88	280
88	327
88	371
88	378
88	421
88	424
88	470
88	486
88	498
88	505
88	562
88	632
88	717
88	781
88	830
88	868
88	870
88	872
88	874
88	929
88	995
89	90
89	126
89	133
89	182
89	184
89	230
89	240
89	248
89	286
89	312
89	340
89	361
89	401
89	406
89	450
89	468
89	529
89	585
89	591
89	622
89	654
89	666
89	679
89	769
89	773
89	969
89	972
89	982
90	97
90	99
90	106
90	150
90	152
90	157
90	192
90	217
90	243
90	262
90	298
90	330
90	356
90	434
90	444
90	475
90	487
90	524
90	558
90	624
90	704
90	937
90	974
90	988
91	100
91	107
91	122
91	145
91	156
91	206
91	212
91	229
91	235
91	281
91	283
91	317
91	328
91	341
91	439
91	551
91	590
91	607
91	620
91	631
91	638
91	705
91	708
91	807
91	808
91	826
91	845
91	968
91	970
92	109
92	129
92	134
92	136
92	163
92	174
92	177
92	202
92	211
92	223
92	293
92	337
92	392
92	417
92	445
92	467
92	481
92	499
92	508
92	709
92	757
92	762
92	764
92	796
92	833
92	918
93	94
93	103
93	104
93	108
93	125
93	140
93	160
93	190
93	204
93	246
93	275
93	327
93	435
93	449
93	483
93	493
93	499
93	506
93	580
93	644
93	659
93	693
93	733
93	736
93	762
93	956
93	991
94	104
94	118
94	121
94	125
94	135
94	140
94	160
94	164
94	175
94	199
94	204
94	239
94	354
94	374
94	493
94	495
94	499
94	535
94	630
94	642
94	644
94	699
94	741
94	767
94	818
94	925
94	999
95	96
95	124
95	163
95	203
95	213
95	238
95	311
95	313
95	381
95	388
95	450
95	515
95	587
95	596
95	658
95	702
95	709
95	723
95	776
95	792
95	797
95	825
95	831
95	899
95	948
96	101
96	110
96	115
96	142
96	192
96	254
96	307
96	311
96	323
96	349
96	372
96	388
96	416
96	487
96	532
96	568
96	662
96	673
96	677
96	823
96	831
96	859
96	905
96	951
96	965
96	987
97	152
97	192
97	221
97	224
97	233
97	321
97	339
97	395
97	419
97	422
97	455
97	475
97	505
97	534
97	546
97	564
97	574
97	589
97	611
97	661
97	681
97	742
97	828
97	904
97	937
98	113
98	121
98	180
98	181
98	191
98	194
98	200
98	238
98	244
98	247
98	277
98	288
98	321
98	331
98	438
98	459
98	554
98	634
98	649
98	720
98	778
98	799
98	857
98	883
98	912
98	913
98	918
99	137
99	152
99	159
99	172
99	192
99	207
99	217
99	218
99	222
99	224
99	233
99	243
99	282
99	303
99	355
99	398
99	456
99	558
99	593
99	597
99	781
99	786
99	871
99	955
99	974
100	112
100	118
100	131
100	156
100	167
100	174
100	195
100	229
100	364
100	373
100	379
100	430
100	439
100	451
100	475
100	488
100	491
100	497
100	515
100	655
100	705
100	784
100	815
100	816
100	888
100	904
100	978
100	992
101	115
101	128
101	142
101	144
101	146
101	189
101	203
101	209
101	261
101	311
101	355
101	492
101	516
101	601
101	631
101	709
101	794
101	797
101	825
101	871
101	903
101	915
101	947
101	987
102	132
102	138
102	184
102	236
102	259
102	263
102	276
102	291
102	325
102	377
102	389
102	454
102	458
102	512
102	531
102	536
102	654
102	746
102	765
102	837
102	840
102	842
102	847
102	922
102	962
103	104
103	108
103	140
103	157
103	164
103	190
103	199
103	210
103	213
103	246
103	275
103	322
103	335
103	354
103	432
103	437
103	459
103	493
103	495
103	499
103	520
103	535
103	627
103	683
103	697
103	699
103	811
103	851
104	108
104	115
104	125
104	140
104	190
104	204
104	246
104	250
104	257
104	357
104	359
104	374
104	437
104	449
104	493
104	520
104	544
104	627
104	642
104	644
104	683
104	887
104	925
104	936
105	112
105	159
105	169
105	208
105	251
105	287
105	304
105	305
105	359
105	400
105	420
105	516
105	563
105	578
105	583
105	592
105	594
105	597
105	635
105	670
105	671
105	726
105	728
105	755
105	805
105	824
105	941
105	989
106	139
106	144
106	148
106	152
106	168
106	203
106	205
106	219
106	250
106	355
106	387
106	422
106	434
106	515
106	546
106	558
106	589
106	630
106	681
106	712
106	730
106	777
106	828
106	900
106	988
107	122
107	162
107	212
107	216
107	229
107	258
107	272
107	275
107	348
107	352
107	379
107	439
107	479
107	488
107	491
107	509
107	542
107	633
107	780
107	788
107	808
107	816
107	850
107	881
108	140
108	164
108	182
108	190
108	199
108	239
108	247
108	257
108	275
108	354
108	357
108	374
108	459
108	511
108	535
108	569
108	642
108	644
108	729
108	736
108	794
108	976
109	129
109	174
109	202
109	211
109	255
109	337
109	363
109	436
109	445
109	448
109	482
109	603
109	640
109	731
109	771
109	796
109	841
109	916
109	918
109	974
109	978
110	119
110	128
110	130
110	142
110	146
110	203
110	224
110	226
110	241
110	261
110	307
110	361
110	372
110	474
110	487
110	532
110	594
110	624
110	665
110	709
110	747
110	797
110	798
110	831
110	856
110	915
110	919
111	112
111	126
111	133
111	140
111	206
111	248
111	312
111	320
111	324
111	326
111	391
111	405
111	406
111	461
111	477
111	480
111	582
111	584
111	654
111	744
111	773
111	878
111	963
111	969
111	972
112	118
112	156
112	167
112	194
112	212
112	216
112	229
112	272
112	283
112	341
112	364
112	373
112	451
112	509
112	576
112	633
112	658
112	807
112	816
112	968
112	975
112	978
112	993
113	120
113	121
113	180
113	181
113	188
113	191
113	247
113	277
113	299
113	321
113	331
113	333
113	346
113	382
113	438
113	522
113	549
113	554
113	590
113	591
113	653
113	857
113	940
113	966
114	127
114	173
114	177
114	196
114	231
114	244
114	272
114	296
114	316
114	347
114	350
114	360
114	415
114	512
114	553
114	657
114	671
114	687
114	701
114	718
114	752
114	855
114	865
114	902
114	953
115	128
115	144
115	169
115	203
115	209
115	213
115	226
115	261
115	267
115	349
115	369
115	381
115	463
115	512
115	587
115	610
115	677
115	713
115	737
115	831
115	876
115	917
115	919
116	119
116	139
116	143
116	145
116	154
116	155
116	228
116	289
116	314
116	335
116	367
116	386
116	391
116	394
116	437
116	521
116	579
116	612
116	634
116	643
116	667
116	719
116	832
116	946
116	998
117	136
117	184
117	263
117	265
117	276
117	278
117	319
117	325
117	351
117	377
117	513
117	531
117	560
117	739
117	748
117	756
117	803
117	863
117	881
118	145
118	162
118	207
118	235
118	249
118	272
118	317
118	341
118	344
118	348
118	352
118	364
118	373
118	381
118	390
118	439
118	440
118	451
118	533
118	550
118	617
118	633
118	784
118	814
119	135
119	143
119	165
119	170
119	176
119	178
119	309
119	314
119	336
119	367
119	443
119	521
119	527
119	570
119	591
119	598
119	774
119	785
119	852
119	923
119	971
119	990
120	128
120	142
120	203
120	213
120	311
120	313
120	323
120	338
120	372
120	381
120	474
120	485
120	520
120	631
120	658
120	702
120	758
120	792
120	831
120	899
120	903
120	918
120	947
120	976
120	984
121	124
121	155
121	180
121	181
121	194
121	247
121	299
121	321
121	330
121	346
121	420
121	511
121	591
121	693
121	720
121	738
121	778
121	943
121	949
121	954
122	145
122	162
122	167
122	195
122	235
122	252
122	258
122	302
122	341
122	379
122	464
122	484
122	494
122	509
122	551
122	557
122	624
122	654
122	784
122	845
122	883
122	936
122	968
122	970
123	127
123	138
123	184
123	201
123	236
123	256
123	291
123	292
123	309
123	339
123	358
123	389
123	441
123	454
123	513
123	531
123	573
123	660
123	689
123	692
123	706
123	817
123	847
123	863
123	975
123	982
124	160
124	169
124	181
124	191
124	194
124	198
124	200
124	295
124	299
124	312
124	331
124	340
124	345
124	346
124	438
124	471
124	511
124	613
124	649
124	693
124	720
124	882
124	883
125	151
125	160
125	164
125	204
125	239
125	283
125	322
125	374
125	398
125	437
125	459
125	535
125	544
125	549
125	561
125	569
125	683
125	697
125	733
125	736
125	862
125	936
126	133
126	149
126	153
126	245
126	253
126	264
126	286
126	367
126	393
126	397
126	406
126	450
126	458
126	529
126	557
126	567
126	584
126	585
126	690
126	773
126	878
126	924
126	933
126	945
126	972
127	147
127	151
127	201
127	267
127	301
127	316
127	365
127	370
127	380
127	403
127	457
127	462
127	518
127	602
127	636
127	740
127	742
127	818
127	827
127	844
127	865
127	922
127	985
128	209
128	250
128	307
128	372
128	380
128	416
128	426
128	532
128	594
128	596
128	601
128	610
128	684
128	712
128	747
128	876
128	889
128	982
129	136
129	163
129	199
129	202
129	208
129	211
129	229
129	255
129	293
129	308
129	349
129	356
129	448
129	453
129	467
129	472
129	481
129	745
129	762
129	856
129	916
129	956
130	144
130	146
130	203
130	261
130	338
130	349
130	381
130	416
130	608
130	625
130	702
130	713
130	747
130	844
130	846
130	876
130	886
130	889
130	903
130	919
130	948
130	951
131	134
131	148
131	186
131	220
131	223
131	237
131	266
131	285
131	296
131	297
131	363
131	378
131	419
131	471
131	566
131	586
131	695
131	804
131	812
131	820
131	821
131	927
131	961
131	964
132	158
132	171
132	192
132	196
132	233
132	236
132	252
132	259
132	270
132	304
132	325
132	358
132	433
132	442
132	454
132	460
132	501
132	513
132	560
132	720
132	837
133	149
133	153
133	182
133	206
133	264
133	266
133	274
133	310
133	312
133	608
133	629
133	664
133	672
133	743
133	744
133	791
133	825
133	896
133	969
133	983
134	154
134	186
134	214
134	220
134	237
134	265
134	318
134	328
134	339
134	397
134	407
134	408
134	429
134	555
134	565
134	695
134	724
134	796
134	820
134	931
134	935
134	964
135	139
135	165
135	170
135	178
135	268
135	335
135	336
135	425
135	432
135	521
135	550
135	570
135	588
135	612
135	719
135	734
135	766
135	798
135	823
135	990
136	163
136	211
136	236
136	252
136	255
136	308
136	336
136	337
136	392
136	448
136	472
136	482
136	508
136	731
136	760
136	762
136	840
136	981
137	152
137	168
137	175
137	185
137	224
137	282
137	285
137	298
137	372
137	402
137	413
137	434
137	661
137	766
137	786
137	830
137	835
137	888
137	904
137	914
137	917
138	150
138	171
138	174
138	228
138	230
138	284
138	310
138	325
138	358
138	458
138	513
138	617
138	663
138	834
138	881
138	906
138	939
139	143
139	155
139	165
139	178
139	183
139	478
139	527
139	532
139	570
139	588
139	612
139	667
139	823
139	832
139	890
139	894
139	914
139	923
139	946
140	164
140	190
140	199
140	216
140	239
140	246
140	257
140	283
140	322
140	374
140	435
140	453
140	535
140	636
140	644
140	699
140	736
140	864
140	940
141	161
141	169
141	233
141	304
141	306
141	376
141	541
141	563
141	578
141	583
141	652
141	671
141	685
141	715
141	722
141	779
141	805
141	886
141	898
141	923
141	938
141	941
141	957
141	989
142	203
142	226
142	273
142	307
142	311
142	368
142	372
142	426
142	439
142	454
142	466
142	601
142	678
142	709
142	838
142	874
142	876
142	889
142	948
143	145
143	155
143	171
143	289
143	314
143	425
143	504
143	527
143	550
143	579
143	598
143	667
143	670
143	672
143	719
143	734
143	789
143	832
143	841
143	852
143	998
144	146
144	178
144	203
144	209
144	238
144	307
144	311
144	381
144	454
144	478
144	488
144	587
144	596
144	625
144	665
144	677
144	763
144	792
144	794
144	879
144	951
145	162
145	229
145	249
145	252
145	317
145	364
145	367
145	379
145	451
145	491
145	507
145	542
145	595
145	602
145	624
145	708
145	808
145	814
146	213
146	226
146	238
146	261
146	338
146	381
146	422
146	474
146	516
146	534
146	563
146	669
146	729
146	747
146	846
146	947
147	157
147	177
147	187
147	225
147	360
147	370
147	375
147	383
147	415
147	452
147	494
147	504
147	528
147	553
147	584
147	604
147	607
147	701
147	718
147	840
147	886
147	902
147	945
148	179
148	180
148	222
148	245
148	259
148	261
148	285
148	318
148	334
148	368
148	473
148	517
148	533
148	555
148	707
148	729
148	789
148	820
148	890
148	911
148	926
148	1000
149	225
149	245
149	248
149	264
149	266
149	312
149	450
149	463
149	468
149	529
149	531
149	664
149	774
149	801
149	875
149	878
149	896
149	969
149	986
150	196
150	256
150	259
150	263
150	265
150	284
150	291
150	292
150	294
150	310
150	442
150	509
150	714
150	748
150	819
150	881
150	980
150	982
151	173
151	177
151	193
151	318
151	335
151	350
151	365
151	375
151	383
151	399
151	415
151	514
151	553
151	604
151	616
151	619
151	621
151	679
151	798
151	855
151	950
151	953
152	157
152	188
152	193
152	217
152	224
152	233
152	243
152	355
152	418
152	515
152	534
152	698
152	777
152	802
152	908
152	934
152	988
153	174
153	182
153	245
153	253
153	286
153	312
153	384
153	391
153	406
153	441
153	461
153	463
153	468
153	477
153	548
153	652
153	664
153	773
153	892
153	971
154	166
154	179
154	222
154	223
154	291
154	296
154	297
154	334
154	339
154	363
154	390
154	396
154	397
154	405
154	419
154	429
154	473
154	707
154	899
154	911
154	913
154	935
155	176
155	195
155	289
155	314
155	335
155	336
155	425
155	427
155	567
155	570
155	598
155	634
155	656
155	707
155	719
155	958
156	162
156	167
156	216
156	250
156	315
156	327
156	329
156	341
156	348
156	390
156	430
156	483
156	497
156	576
156	599
156	646
156	650
156	880
156	992
157	188
157	207
157	217
157	233
157	282
157	298
157	329
157	356
157	402
157	404
157	534
157	630
157	680
157	681
157	704
157	786
157	908
157	917
157	920
158	197
158	228
158	254
158	256
158	309
158	319
158	325
158	377
158	460
158	469
158	552
158	692
158	694
158	754
158	803
158	819
158	903
158	982
159	163
159	169
159	251
159	304
159	306
159	359
159	376
159	383
159	420
159	445
159	541
159	547
159	552
159	575
159	583
159	623
159	635
159	647
159	676
159	726
159	885
159	909
160	164
160	165
160	190
160	210
160	239
160	246
160	354
160	374
160	435
160	476
160	483
160	502
160	506
160	528
160	569
160	659
160	677
160	739
160	884
161	194
161	198
161	251
161	269
161	286
161	300
161	304
161	340
161	476
161	492
161	563
161	578
161	592
161	660
161	685
161	726
161	728
161	767
161	824
161	836
161	848
161	886
162	216
162	249
162	252
162	293
162	317
162	329
162	344
162	364
162	440
162	590
162	615
162	650
162	655
162	691
162	708
162	780
162	872
162	888
162	911
163	202
163	208
163	392
163	402
163	436
163	467
163	482
163	519
163	662
163	685
163	731
163	760
163	782
163	916
164	199
164	234
164	283
164	322
164	415
164	432
164	449
164	483
164	495
164	569
164	683
164	741
164	775
164	841
164	936
165	170
165	178
165	200
165	268
165	289
165	386
165	394
165	427
165	527
165	550
165	656
165	850
165	894
165	946
165	998
166	182
166	232
166	285
166	296
166	396
166	397
166	400
166	429
166	503
166	552
166	565
166	578
166	724
166	729
166	753
166	811
166	812
166	821
166	901
166	935
166	938
166	942
167	216
167	235
167	249
167	252
167	317
167	341
167	351
167	373
167	439
167	509
167	544
167	571
167	590
167	624
167	708
167	788
167	813
167	860
167	877
167	932
168	172
168	192
168	207
168	219
168	224
168	262
168	303
168	336
168	348
168	434
168	444
168	494
168	577
168	630
168	681
168	704
168	908
168	955
169	242
169	251
169	269
169	281
169	324
169	359
169	376
169	451
169	541
169	559
169	563
169	597
169	623
169	710
169	726
169	767
169	893
170	176
170	190
170	202
170	263
170	268
170	314
170	336
170	343
170	367
170	386
170	394
170	425
170	478
170	672
170	734
170	752
170	832
170	838
171	196
171	227
171	228
171	256
171	276
171	309
171	319
171	351
171	411
171	420
171	458
171	512
171	513
171	570
171	573
171	651
171	863
171	891
171	922
172	175
172	205
172	207
172	233
172	400
172	475
172	510
172	513
172	564
172	577
172	589
172	605
172	766
172	778
172	789
172	843
172	868
172	917
172	988
173	201
173	225
173	231
173	316
173	350
173	365
173	429
173	447
173	452
173	496
173	518
173	527
173	596
173	676
173	682
173	725
173	854
173	858
174	208
174	293
174	308
174	417
174	436
174	448
174	453
174	471
174	481
174	741
174	745
174	760
174	916
174	918
174	928
175	233
175	243
175	250
175	282
175	330
175	395
175	422
175	456
175	473
175	488
175	510
175	680
175	730
175	777
175	786
175	843
175	869
175	974
176	178
176	268
176	289
176	342
176	357
176	394
176	414
176	425
176	427
176	521
176	579
176	719
176	734
176	852
176	894
176	914
177	193
177	196
177	231
177	301
177	344
177	350
177	362
177	365
177	415
177	504
177	518
177	553
177	607
177	657
177	740
177	761
177	865
177	866
177	870
178	185
178	335
178	478
178	521
178	539
178	550
178	570
178	588
178	598
178	656
178	684
178	823
178	841
178	998
179	214
179	222
179	223
179	285
179	296
179	297
179	305
179	318
179	396
179	419
179	517
179	530
179	695
179	716
179	722
179	727
179	804
179	942
179	961
180	191
180	200
180	244
180	277
180	288
180	299
180	345
180	369
180	412
180	511
180	540
180	613
180	713
180	720
180	857
180	940
181	247
181	271
181	282
181	288
181	345
181	412
181	471
181	476
181	540
181	554
181	599
181	653
181	693
181	778
181	822
182	230
182	255
182	274
182	320
182	361
182	391
182	405
182	450
182	500
182	529
182	608
182	689
182	849
182	884
182	913
182	924
182	963
182	969
182	986
183	247
183	273
183	280
183	309
183	408
183	498
183	526
183	561
183	606
183	641
183	716
183	739
183	771
183	781
183	810
183	864
183	868
183	874
184	236
184	287
184	358
184	389
184	512
184	593
184	645
184	746
184	754
184	776
184	863
184	960
185	227
185	257
185	264
185	332
185	342
185	343
185	482
185	503
185	557
185	568
185	571
185	609
185	637
185	694
185	700
185	759
185	801
185	912
185	945
185	991
186	220
186	222
186	223
186	232
186	237
186	296
186	368
186	377
186	485
186	533
186	555
186	566
186	707
186	793
186	806
186	820
186	901
186	927
187	193
187	201
187	267
187	271
187	299
187	370
187	383
187	411
187	457
187	514
187	518
187	528
187	538
187	576
187	602
187	605
187	829
187	862
188	207
188	245
188	248
188	262
188	282
188	303
188	315
188	352
188	355
188	456
188	546
188	595
188	661
188	681
188	835
188	843
188	869
188	904
188	920
189	213
189	261
189	311
189	323
189	369
189	396
189	406
189	511
189	587
189	596
189	610
189	673
189	709
189	732
189	879
189	899
189	915
189	951
190	199
190	257
190	275
190	283
190	313
190	357
190	449
190	483
190	502
190	506
190	580
190	627
190	811
190	897
191	244
191	277
191	288
191	321
191	331
191	365
191	433
191	438
191	599
191	799
191	882
191	949
191	994
192	195
192	205
192	221
192	224
192	262
192	282
192	315
192	341
192	404
192	475
192	546
192	574
192	583
192	605
192	828
192	871
193	267
193	362
193	380
193	403
193	504
193	514
193	553
193	626
193	657
193	701
193	752
193	907
193	944
193	950
193	985
193	1000
194	247
194	277
194	288
194	295
194	299
194	321
194	331
194	447
194	621
194	678
194	693
194	851
194	857
194	882
194	913
194	940
195	229
195	329
195	344
195	390
195	484
195	497
195	525
195	590
195	615
195	620
195	708
195	727
195	780
195	808
195	873
195	964
195	980
196	227
196	259
196	265
196	278
196	284
196	404
196	560
196	819
196	881
196	891
196	942
196	944
196	975
196	980
197	279
197	297
197	305
197	359
197	371
197	410
197	455
197	498
197	526
197	536
197	556
197	619
197	628
197	691
197	716
197	771
197	781
197	802
197	824
197	872
198	251
198	287
198	300
198	334
198	359
198	524
198	575
198	588
198	592
198	623
198	670
198	676
198	710
198	722
198	806
198	824
198	877
198	898
198	941
199	246
199	259
199	275
199	357
199	366
199	432
199	464
199	465
199	493
199	495
199	506
199	775
199	831
199	887
200	236
200	277
200	288
200	295
200	331
200	333
200	345
200	487
200	554
200	591
200	599
200	626
200	649
200	720
200	857
200	966
201	231
201	271
201	347
201	362
201	443
201	496
201	500
201	538
201	602
201	621
201	622
201	675
201	752
201	834
201	854
201	858
201	865
201	907
202	208
202	231
202	255
202	417
202	467
202	481
202	482
202	547
202	575
202	750
202	782
202	796
202	821
202	856
202	981
203	226
203	323
203	369
203	379
203	492
203	585
203	631
203	669
203	948
204	210
204	239
204	290
204	368
204	374
204	432
204	465
204	476
204	520
204	656
204	697
204	736
204	862
204	887
204	956
204	999
205	218
205	219
205	303
205	309
205	330
205	354
205	456
205	546
205	600
205	704
205	797
205	828
205	843
205	904
206	230
206	266
206	274
206	320
206	324
206	378
206	401
206	582
206	608
206	629
206	663
206	686
206	743
206	773
206	777
206	800
206	986
207	217
207	221
207	282
207	418
207	475
207	515
207	546
207	600
207	605
207	835
207	937
208	255
208	260
208	337
208	445
208	448
208	519
208	662
208	745
208	898
208	916
208	981
209	226
209	241
209	323
209	369
209	450
209	532
209	625
209	732
209	763
209	774
209	792
209	838
209	899
210	239
210	250
210	275
210	322
210	432
210	476
210	483
210	495
210	499
210	520
210	636
210	644
210	675
210	810
210	811
210	887
210	992
211	352
211	392
211	405
211	424
211	508
211	519
211	603
211	745
211	762
211	764
211	900
211	918
212	229
212	249
212	252
212	258
212	268
212	272
212	328
212	414
212	439
212	488
212	551
212	576
212	646
212	708
212	751
212	826
212	850
212	968
213	303
213	311
213	323
213	486
213	487
213	532
213	533
213	688
213	725
213	831
213	903
213	947
214	220
214	222
214	265
214	285
214	339
214	368
214	382
214	396
214	407
214	473
214	533
214	665
214	707
214	729
214	753
214	793
214	901
214	926
215	227
215	234
215	260
215	364
215	413
215	480
215	503
215	537
215	694
215	696
215	715
215	721
215	768
215	795
215	801
215	804
215	884
215	897
215	967
215	973
216	235
216	258
216	271
216	304
216	344
216	352
216	366
216	390
216	497
216	542
216	921
216	978
217	221
217	224
217	261
217	298
217	404
217	418
217	456
217	577
217	589
217	681
217	777
217	869
217	885
217	937
217	955
218	240
218	243
218	250
218	301
218	395
218	402
218	418
218	422
218	434
218	484
218	510
218	546
218	564
218	600
218	786
218	869
219	233
219	303
219	311
219	398
219	427
219	434
219	444
219	475
219	510
219	633
219	843
219	920
219	955
220	222
220	237
220	363
220	397
220	407
220	419
220	473
220	517
220	533
220	552
220	555
220	565
220	607
220	648
220	783
220	839
221	224
221	398
221	418
221	422
221	434
221	600
221	611
221	648
221	777
221	830
221	914
221	937
221	946
221	974
222	419
222	455
222	473
222	507
222	545
222	555
222	661
222	688
222	751
222	812
222	822
222	1000
223	232
223	334
223	397
223	408
223	536
223	545
223	552
223	586
223	753
223	812
223	890
223	946
224	356
224	365
224	404
224	418
224	534
224	649
224	681
224	818
224	830
224	835
225	231
225	301
225	360
225	415
225	462
225	494
225	551
225	657
225	659
225	694
225	742
225	829
225	907
225	953
226	238
226	338
226	426
226	466
226	485
226	532
226	806
226	831
226	844
226	873
226	951
226	953
227	234
227	343
227	405
227	409
227	523
227	537
227	557
227	637
227	721
227	768
227	772
227	860
227	910
227	959
227	973
228	260
228	276
228	278
228	284
228	292
228	309
228	458
228	468
228	501
228	512
228	668
228	776
228	834
228	837
229	329
229	344
229	348
229	373
229	379
229	430
229	845
229	850
229	852
229	853
229	961
230	253
230	312
230	320
230	324
230	326
230	372
230	406
230	450
230	461
230	463
230	468
230	535
230	569
230	584
230	608
231	267
231	316
231	365
231	399
231	447
231	472
231	494
231	604
231	616
231	626
231	869
231	902
232	237
232	246
232	368
232	408
232	429
232	453
232	457
232	473
232	586
232	592
232	695
232	727
232	821
232	943
232	959
233	243
233	315
233	454
233	680
233	920
233	955
233	972
234	332
234	342
234	343
234	415
234	503
234	557
234	609
234	650
234	660
234	711
234	715
234	768
234	809
234	912
234	948
234	967
235	272
235	379
235	414
235	435
235	440
235	464
235	537
235	551
235	620
235	646
235	650
235	655
235	705
235	805
236	263
236	276
236	284
236	292
236	294
236	310
236	441
236	689
236	854
237	243
237	310
237	318
237	382
237	552
237	707
237	821
237	839
237	893
237	961
237	964
237	994
238	277
238	349
238	372
238	460
238	486
238	487
238	516
238	587
238	792
238	987
239	246
239	354
239	358
239	421
239	476
239	483
239	569
239	659
239	977
239	999
240	248
240	249
240	266
240	274
240	340
240	384
240	468
240	507
240	548
240	608
240	666
240	686
240	690
240	892
240	930
240	969
240	972
241	297
241	349
241	416
241	532
241	543
241	601
241	665
241	669
241	732
241	763
241	838
241	905
242	281
242	304
242	357
242	492
242	592
242	639
242	647
242	671
242	710
242	722
242	723
242	757
242	767
242	779
242	805
242	806
242	893
243	282
243	298
243	395
243	456
243	536
243	630
243	639
243	712
243	763
243	777
243	914
244	247
244	277
244	288
244	299
244	321
244	331
244	430
244	545
244	547
244	591
244	720
244	735
244	940
244	949
245	253
245	340
245	391
245	529
245	629
245	651
245	743
245	774
245	875
245	896
245	977
245	978
245	983
246	275
246	314
246	580
246	627
246	636
246	651
246	659
246	733
246	741
246	862
246	999
247	277
247	295
247	345
247	346
247	425
247	613
247	653
247	722
247	799
247	882
248	329
248	391
248	477
248	548
248	567
248	584
248	585
248	604
248	744
248	878
248	963
249	314
249	317
249	329
249	341
249	345
249	479
249	484
249	488
249	551
249	780
249	784
249	853
249	932
250	282
250	330
250	404
250	475
250	577
250	761
250	871
250	974
251	281
251	287
251	300
251	541
251	639
251	673
251	676
251	685
251	779
251	848
251	898
252	317
252	344
252	430
252	542
252	590
252	617
252	813
252	845
252	932
252	978
252	993
253	286
253	316
253	326
253	391
253	401
253	405
253	417
253	461
253	567
253	686
253	744
253	765
253	896
253	916
254	280
254	302
254	305
254	371
254	489
254	556
254	561
254	628
254	674
254	717
254	781
254	842
255	308
255	337
255	417
255	445
255	508
255	634
255	750
255	764
255	869
255	883
256	259
256	290
256	292
256	358
256	549
256	566
256	573
256	692
256	746
256	837
256	842
256	906
257	275
257	283
257	322
257	432
257	435
257	465
257	495
257	580
257	595
257	618
257	786
257	811
258	317
258	341
258	364
258	430
258	440
258	551
258	595
258	615
258	617
258	718
258	788
258	850
258	860
258	970
259	270
259	291
259	319
259	325
259	358
259	387
259	460
259	756
259	792
260	325
260	332
260	343
260	409
260	547
260	568
260	692
260	711
260	714
260	759
260	809
260	910
260	959
260	973
261	323
261	388
261	574
261	594
261	709
261	955
261	997
262	281
262	356
262	402
262	404
262	418
262	434
262	515
262	558
262	678
262	704
262	730
262	960
262	974
263	278
263	310
263	319
263	358
263	433
263	553
263	653
263	689
263	769
263	817
263	990
264	274
264	286
264	340
264	406
264	432
264	461
264	529
264	541
264	628
264	663
264	664
264	666
264	686
264	743
265	334
265	387
265	442
265	469
265	513
265	563
265	572
265	765
265	791
265	834
265	975
266	326
266	384
266	393
266	405
266	461
266	631
266	663
266	690
266	744
266	800
266	912
267	361
267	443
267	504
267	521
267	616
267	687
267	718
267	802
267	907
268	289
268	314
268	367
268	386
268	621
268	656
268	719
268	823
268	841
268	847
268	916
268	990
269	306
269	420
269	428
269	461
269	541
269	578
269	623
269	652
269	726
269	848
269	860
269	885
269	938
269	941
269	989
270	290
270	309
270	351
270	358
270	377
270	683
270	706
270	746
270	769
270	791
270	891
270	951
270	962
270	980
271	283
271	299
271	383
271	403
271	431
271	457
271	538
271	553
271	622
271	675
271	752
271	866
272	440
272	500
272	514
272	576
272	655
272	788
272	816
272	850
272	880
272	888
273	333
273	410
273	413
273	455
273	498
273	562
273	619
273	680
273	684
273	770
273	802
273	810
273	811
273	828
273	934
274	349
274	383
274	401
274	406
274	477
274	493
274	582
274	651
274	666
274	875
274	977
275	374
275	383
275	432
275	449
275	506
275	544
275	733
275	775
275	936
276	284
276	390
276	442
276	454
276	458
276	530
276	537
276	636
276	803
276	960
276	982
277	345
277	424
277	613
277	671
277	799
277	813
278	351
278	389
278	433
278	460
278	474
278	531
278	549
278	614
278	689
278	707
278	840
278	982
279	291
279	302
279	366
279	380
279	410
279	423
279	455
279	536
279	591
279	606
279	619
279	632
279	820
279	842
279	996
280	305
280	333
280	366
280	371
280	410
280	413
280	416
280	421
280	444
280	446
280	470
280	618
280	684
280	815
280	872
281	287
281	300
281	304
281	308
281	376
281	583
281	592
281	608
281	726
281	755
281	767
281	806
281	836
281	885
282	355
282	422
282	438
282	577
282	786
282	917
283	335
283	357
283	432
283	465
283	483
283	499
283	636
283	976
284	294
284	433
284	441
284	530
284	572
284	689
284	748
284	754
285	334
285	407
285	408
285	545
285	562
285	681
285	699
285	822
285	901
285	926
285	1000
286	326
286	387
286	405
286	406
286	461
286	468
286	500
286	529
286	585
286	633
286	969
287	304
287	306
287	359
287	376
287	563
287	578
287	583
287	728
287	833
287	941
287	957
287	989
288	295
288	317
288	375
288	511
288	591
288	678
288	849
288	913
288	949
289	335
289	396
289	427
289	478
289	643
289	669
289	719
289	732
289	795
289	894
290	294
290	310
290	400
290	512
290	549
290	573
290	695
290	803
290	847
290	922
290	944
290	999
291	292
291	319
291	342
291	501
291	513
291	610
291	962
292	375
292	433
292	442
292	460
292	593
292	688
292	706
292	817
292	847
292	933
293	308
293	353
293	417
293	436
293	482
293	525
293	662
293	757
293	856
293	867
293	983
294	310
294	387
294	436
294	746
294	803
294	939
294	980
294	998
295	310
295	321
295	331
295	356
295	438
295	471
295	613
295	764
295	883
296	334
296	368
296	408
296	419
296	443
296	533
296	542
296	586
296	751
296	753
296	890
297	339
297	363
297	396
297	419
297	507
297	555
297	566
297	890
297	935
297	994
298	315
298	330
298	418
298	444
298	558
298	589
298	597
298	680
298	777
298	786
299	522
299	599
299	678
299	778
299	913
300	492
300	524
300	542
300	612
300	635
300	676
300	722
300	755
300	909
300	926
300	989
301	347
301	362
301	375
301	399
301	493
301	494
301	528
301	604
301	607
301	895
302	371
302	378
302	413
302	424
302	457
302	497
302	614
302	619
302	691
302	771
302	807
302	842
302	995
302	996
303	355
303	534
303	680
303	761
303	776
303	865
303	869
303	988
304	376
304	397
304	400
304	726
304	886
304	941
305	378
305	385
305	446
305	490
305	536
305	632
305	684
305	815
305	929
306	313
306	376
306	492
306	524
306	541
306	597
306	635
306	670
306	671
306	711
306	728
306	836
306	896
307	369
307	584
307	610
307	674
307	677
307	737
307	940
307	962
308	392
308	455
308	516
308	603
308	640
308	764
308	833
308	867
308	916
309	387
309	560
309	689
309	863
310	319
310	351
310	442
310	501
310	706
310	776
310	881
311	320
311	332
311	702
312	340
312	379
312	391
312	417
312	468
312	567
312	608
312	969
313	388
313	426
313	487
313	625
313	658
313	797
313	825
313	863
313	905
313	937
314	478
314	570
314	588
314	794
314	798
314	923
315	330
315	404
315	496
315	564
315	574
315	611
315	661
315	679
315	914
316	375
316	399
316	462
316	604
316	607
316	621
316	829
316	858
316	917
317	328
317	341
317	414
317	484
317	518
317	784
317	788
318	382
318	695
318	812
318	822
318	926
318	961
318	994
319	390
319	442
319	651
319	689
319	730
319	748
319	756
319	970
319	982
320	348
320	361
320	450
320	548
320	585
320	773
320	774
320	782
320	800
320	892
320	983
321	345
321	346
321	452
321	471
321	475
321	540
322	350
322	357
322	395
322	437
322	465
322	697
322	976
323	354
323	381
323	470
323	658
323	732
323	839
324	376
324	384
324	468
324	565
324	584
324	654
324	708
324	878
324	933
325	512
325	580
325	651
325	754
325	834
325	881
325	906
326	393
326	405
326	567
326	629
326	662
326	666
326	686
326	799
326	880
326	892
326	967
327	353
327	378
327	421
327	479
327	490
327	505
327	536
327	561
327	562
327	614
327	641
327	842
328	364
328	373
328	384
328	493
328	519
328	595
328	655
328	808
328	813
328	814
328	850
328	853
328	860
328	932
329	359
329	439
329	440
329	646
329	650
329	705
329	708
329	921
329	993
330	355
330	361
330	444
330	491
330	630
330	904
331	346
331	412
331	678
331	738
331	760
331	997
332	342
332	409
332	547
332	580
332	637
332	675
332	711
332	715
332	759
332	783
332	897
332	959
332	967
333	366
333	423
333	424
333	505
333	526
333	536
333	632
333	684
333	790
333	864
333	868
333	996
334	339
334	397
334	517
334	555
334	589
334	688
334	707
334	820
335	527
335	734
335	852
336	367
336	418
336	588
336	643
336	735
336	789
336	832
336	923
337	417
337	448
337	467
337	519
337	632
337	731
337	900
338	349
338	543
338	631
338	658
338	735
338	838
338	984
338	997
339	428
339	473
339	517
339	586
339	668
339	727
339	753
340	391
340	450
340	463
340	548
340	582
340	629
340	670
340	686
340	908
340	972
341	497
341	595
341	615
342	409
342	537
342	571
342	660
342	694
342	714
342	772
342	912
342	952
343	408
343	477
343	480
343	700
343	715
343	721
343	768
343	910
344	373
344	440
344	462
344	472
344	624
344	806
344	807
344	813
344	992
345	471
345	511
345	649
345	686
345	709
345	720
345	748
346	412
346	478
346	738
346	793
346	799
346	859
346	940
346	954
347	350
347	360
347	370
347	411
347	431
347	457
347	496
347	585
347	602
347	701
348	414
348	525
348	617
348	690
348	921
348	932
348	978
349	669
349	709
349	828
349	919
349	997
350	447
350	457
350	538
350	616
350	626
350	752
350	835
350	895
351	358
351	387
351	433
351	776
351	817
351	819
351	847
351	895
352	451
352	488
352	525
352	576
352	633
352	814
352	837
352	921
352	929
352	978
353	410
353	428
353	469
353	479
353	561
353	619
353	628
353	641
353	749
353	815
353	974
354	495
354	520
354	659
354	751
354	956
355	395
355	654
355	914
355	927
356	398
356	434
356	605
356	871
356	914
356	937
356	996
357	435
357	499
357	581
357	699
357	775
357	782
357	956
358	681
358	756
358	906
359	492
359	625
359	685
359	728
359	836
359	848
359	893
359	989
360	365
360	411
360	415
360	452
360	457
360	462
360	579
360	621
360	682
360	687
360	827
361	450
361	567
361	587
361	663
361	664
361	666
362	370
362	399
362	443
362	457
362	528
362	679
362	783
363	382
363	517
363	566
363	586
363	695
363	753
363	822
363	838
364	390
364	491
364	632
364	646
364	826
364	850
365	462
365	483
365	528
365	667
365	827
365	854
365	902
365	985
366	378
366	382
366	385
366	394
366	470
366	526
366	556
366	771
366	787
366	929
367	478
367	521
367	719
367	958
367	961
367	971
367	997
368	473
368	552
368	688
368	695
368	890
368	1000
369	601
369	625
369	650
369	665
369	725
369	747
369	794
369	915
370	375
370	415
370	434
370	443
370	447
370	490
370	514
370	740
370	995
371	385
371	413
371	424
371	428
371	490
371	556
371	645
371	686
371	842
371	934
372	658
372	709
372	825
372	948
372	966
373	464
373	466
373	497
373	615
373	807
373	817
373	839
374	375
374	459
374	502
374	617
374	636
374	862
375	380
375	448
375	581
375	616
375	752
375	950
376	563
376	715
376	806
376	898
376	919
376	989
377	426
377	435
377	458
377	460
377	469
377	531
377	748
377	803
377	861
377	988
378	428
378	470
378	606
378	625
378	703
378	770
378	790
379	390
379	491
379	525
379	705
379	813
379	978
380	415
380	431
380	443
380	462
380	518
380	538
380	675
380	958
381	388
381	665
381	677
381	846
381	919
381	987
382	396
382	407
382	408
382	419
382	586
382	804
382	931
382	964
383	462
383	540
383	553
383	622
383	752
383	907
384	463
384	521
384	548
384	744
384	849
384	924
384	963
385	421
385	446
385	598
385	618
385	632
385	717
385	739
385	810
385	872
385	901
386	427
386	527
386	598
386	785
386	789
386	814
386	958
387	433
387	441
387	501
387	763
387	765
387	834
387	847
387	944
388	505
388	516
388	615
388	723
388	725
388	747
388	836
388	844
389	469
389	560
389	769
389	837
389	847
389	975
389	989
389	992
390	509
390	758
390	808
390	860
390	888
391	468
391	629
391	889
391	973
392	594
392	629
392	731
392	757
392	995
393	405
393	463
393	500
393	582
393	800
393	875
393	944
394	519
394	521
394	527
394	550
394	570
394	612
394	672
395	404
395	546
395	609
395	761
395	917
395	920
395	937
395	955
396	668
396	702
396	729
396	793
396	931
396	942
397	419
397	429
397	437
397	724
397	727
397	822
398	475
398	574
398	611
398	645
398	668
398	712
398	803
399	496
399	519
399	528
399	659
399	682
399	756
399	858
400	438
400	578
400	597
400	647
400	676
400	728
400	805
400	898
400	938
401	450
401	500
401	582
401	629
401	664
401	744
401	896
401	903
402	444
402	475
402	504
402	645
402	680
402	969
402	974
403	436
403	616
403	622
403	626
403	740
403	769
403	854
403	930
404	407
404	417
404	418
404	564
404	730
405	450
405	477
405	884
405	983
406	582
406	800
406	875
406	932
406	951
407	408
407	450
407	473
407	668
407	707
407	927
407	931
407	941
407	994
408	429
408	522
408	533
408	668
408	727
408	1000
409	480
409	537
409	557
409	617
409	694
409	700
409	861
409	897
409	979
410	490
410	526
410	534
410	536
410	648
410	727
410	870
410	996
411	415
411	443
411	494
411	504
411	518
411	553
411	616
411	742
412	438
412	471
412	532
412	628
412	859
412	913
412	950
412	966
413	424
413	556
413	578
413	606
413	614
413	618
413	781
413	790
413	815
414	430
414	484
414	491
414	510
414	590
414	646
414	880
415	526
415	581
415	877
416	474
416	481
416	486
416	665
416	725
416	879
416	905
417	481
417	508
417	796
417	918
417	981
418	434
418	515
418	871
418	920
419	435
419	507
419	793
419	822
420	427
420	524
420	710
420	805
420	836
420	909
420	938
420	957
421	489
421	606
421	618
421	726
421	739
421	781
421	802
422	456
422	510
422	609
422	611
422	835
422	904
423	428
423	479
423	489
423	562
423	619
423	628
423	648
423	749
423	910
423	989
424	628
424	648
424	691
424	787
424	802
425	550
425	579
425	656
425	672
425	785
425	810
425	971
425	998
426	474
426	631
426	673
426	725
426	826
426	844
426	854
426	965
427	478
427	588
427	823
427	894
427	919
428	472
428	489
428	526
428	606
428	716
428	770
428	864
429	545
429	694
429	699
429	724
429	751
429	943
429	994
430	451
430	464
430	595
430	888
430	987
431	442
431	443
431	457
431	496
431	602
431	740
431	783
431	985
432	449
432	544
433	499
433	549
433	560
433	593
433	906
434	510
434	642
435	483
435	506
435	569
435	818
436	467
436	482
436	812
436	900
437	483
437	548
437	580
437	587
437	642
437	659
437	683
437	741
437	925
438	465
438	591
438	851
438	859
439	551
439	632
439	650
439	724
439	758
439	880
440	509
440	640
440	780
440	816
440	848
441	469
441	541
441	572
441	747
441	803
441	819
441	840
441	939
442	460
442	692
442	843
442	960
443	465
443	496
443	953
444	560
444	680
444	843
444	871
445	603
445	662
445	731
445	928
446	479
446	490
446	619
446	781
446	790
446	810
446	836
446	882
447	528
447	638
447	714
447	718
447	877
447	907
447	950
448	453
448	472
448	697
448	760
449	499
449	562
449	613
449	818
449	956
449	999
451	497
451	615
451	624
451	650
451	785
451	814
451	857
452	494
452	518
452	622
452	701
452	963
453	462
453	472
453	662
453	796
454	513
454	530
454	572
454	748
454	944
455	479
455	490
455	526
455	641
455	674
455	739
456	495
456	528
456	681
456	761
456	830
456	914
457	494
457	581
458	756
458	765
459	476
459	493
459	499
459	627
459	633
459	659
459	697
459	777
459	818
459	976
460	501
460	756
460	900
461	638
461	654
461	664
461	690
461	954
462	496
462	657
462	745
462	752
463	585
463	924
463	933
463	981
464	481
464	590
464	624
464	633
464	873
464	880
464	909
465	535
465	545
465	736
465	741
465	936
466	485
466	535
466	710
466	763
466	831
466	915
467	495
467	519
467	748
467	750
468	597
468	654
468	663
468	849
469	531
469	551
469	651
469	754
469	861
469	863
470	536
470	556
470	562
470	564
470	717
470	787
470	929
471	554
471	599
471	738
471	778
472	519
472	745
472	833
472	981
473	546
473	695
473	724
473	935
474	794
474	947
475	645
475	730
475	871
476	544
476	569
476	736
476	811
476	818
477	686
477	800
477	834
477	933
477	963
477	969
477	977
478	588
478	847
478	990
479	504
479	648
479	810
479	815
479	842
480	547
480	568
480	589
480	679
480	700
480	795
480	959
480	973
480	991
481	546
481	757
481	796
482	719
482	750
483	544
483	862
484	590
484	655
484	788
484	807
484	813
485	631
485	747
485	794
485	915
485	948
486	532
486	552
486	665
486	723
486	732
486	737
486	763
486	965
486	986
487	543
487	844
487	879
487	899
487	903
488	576
488	615
488	807
488	880
488	931
488	992
489	490
489	562
489	582
489	657
489	717
489	815
489	870
490	505
490	511
490	556
490	674
491	515
491	620
491	622
491	624
491	758
491	816
491	921
492	575
492	623
492	635
492	989
493	506
493	627
493	818
494	624
494	638
494	682
494	742
495	538
495	642
495	683
496	514
496	553
496	602
496	829
496	837
497	633
497	655
497	705
497	740
497	786
498	614
498	619
498	635
498	767
498	870
499	655
499	697
500	575
500	654
500	666
500	744
500	884
500	933
501	573
501	847
501	891
502	506
502	520
502	728
502	736
502	956
502	976
503	696
503	698
503	772
503	787
503	795
503	959
504	638
504	855
505	648
505	703
505	802
506	544
506	580
506	642
506	775
507	517
507	668
507	706
507	793
507	931
507	943
507	994
508	640
508	916
508	928
509	620
509	633
509	780
509	871
509	932
509	992
510	680
510	757
510	835
511	599
511	649
511	851
512	531
512	573
512	692
512	742
513	620
513	746
513	765
513	861
514	538
514	607
514	655
514	687
514	827
515	574
515	828
515	974
515	988
516	610
516	631
516	639
516	876
516	984
517	753
517	807
517	812
517	839
517	933
517	942
518	607
518	675
518	795
518	907
519	603
519	867
520	569
520	731
520	804
520	818
520	925
521	672
522	554
522	599
522	613
522	678
522	799
522	940
523	539
523	609
523	694
523	698
523	768
523	952
523	973
523	979
524	583
524	652
524	685
524	755
524	767
524	779
525	650
525	807
525	866
525	970
526	628
526	632
526	677
526	874
527	550
527	841
527	960
528	895
529	629
529	703
529	743
529	837
529	884
529	993
530	549
530	695
530	706
530	776
530	960
531	746
531	769
531	817
532	915
532	997
533	552
533	707
533	729
533	890
534	630
534	869
534	904
535	644
535	657
535	699
536	684
536	770
537	539
537	660
537	698
537	714
537	772
537	809
537	952
538	607
538	679
539	547
539	568
539	696
539	698
539	715
539	783
539	809
539	887
539	979
540	678
540	859
540	883
540	949
541	559
541	583
541	592
541	755
542	576
542	619
542	620
542	780
542	788
542	826
543	594
543	623
543	723
543	732
543	737
543	844
543	981
544	580
544	699
545	552
545	656
545	729
545	753
545	901
545	911
546	712
546	777
547	571
547	698
547	715
547	795
547	973
548	590
548	608
548	743
548	849
548	884
549	817
549	944
550	634
550	688
550	798
551	705
551	784
551	993
552	911
553	930
554	738
555	586
555	612
555	708
555	727
556	561
556	664
556	906
556	934
557	660
557	766
557	772
557	801
557	952
558	605
558	661
558	704
558	766
558	955
559	575
559	578
559	635
559	647
559	676
559	703
559	893
559	898
559	957
560	840
560	944
561	674
561	724
561	749
561	870
562	606
562	716
562	996
563	652
563	943
564	577
564	645
564	646
564	677
564	766
565	688
565	820
565	839
565	961
566	822
566	890
566	942
567	608
567	872
568	637
568	660
568	696
568	715
568	759
568	809
569	649
569	811
570	656
570	719
570	798
571	611
571	783
571	801
571	897
571	945
571	952
572	593
572	652
572	776
573	861
573	939
573	982
574	577
574	611
574	630
574	835
575	647
575	722
575	806
575	824
576	617
576	860
576	888
576	921
577	761
577	904
578	623
578	806
578	957
579	735
579	958
579	964
579	990
580	887
580	971
581	605
581	607
581	679
581	682
581	740
581	855
581	891
582	629
582	686
582	849
583	597
583	626
583	753
583	779
583	836
584	585
584	586
584	608
584	977
585	700
585	773
586	729
586	859
586	964
587	702
587	794
588	612
588	785
588	826
588	841
589	611
589	712
589	786
589	827
589	828
590	873
590	968
590	978
591	653
591	693
591	859
592	670
592	671
592	726
593	891
593	892
593	980
594	846
594	987
594	994
595	708
595	758
595	813
595	968
596	792
596	846
597	652
597	710
597	767
597	938
598	667
598	789
598	798
598	990
599	857
599	907
600	630
600	680
600	730
600	777
600	908
601	677
601	853
601	965
602	692
602	701
602	950
603	762
603	900
603	921
604	607
604	618
604	621
604	679
604	865
605	712
605	904
605	917
606	721
606	770
606	810
606	934
608	924
609	711
609	772
609	809
609	979
610	713
610	737
610	797
610	919
610	999
611	680
611	761
611	766
611	868
612	852
612	946
613	678
613	765
613	771
613	799
614	648
614	787
614	790
614	868
614	934
614	995
615	788
615	826
615	879
616	631
616	687
616	742
617	708
617	993
618	674
618	716
618	717
618	831
618	868
618	874
619	674
619	934
620	655
620	788
620	850
621	703
621	718
621	858
621	953
622	638
622	657
622	718
622	764
623	671
623	712
623	909
624	853
624	921
625	702
625	906
625	984
626	687
626	854
626	858
626	930
626	985
627	770
628	790
628	864
629	743
629	977
630	645
631	658
632	739
632	802
633	758
633	816
634	672
634	735
634	785
634	798
634	923
635	685
635	806
635	898
636	644
636	683
636	976
637	676
637	801
637	922
637	945
638	657
638	687
638	740
639	710
639	755
639	779
639	848
639	885
639	938
640	724
640	750
640	856
641	716
641	802
641	872
641	929
642	733
642	772
643	656
643	734
643	958
643	990
644	683
645	712
645	736
646	813
646	860
646	873
646	968
647	670
647	702
647	886
647	893
647	898
647	909
648	870
649	653
649	738
649	902
650	992
651	840
651	980
652	824
652	848
653	779
653	851
654	663
655	826
655	853
656	958
656	971
657	877
658	669
659	697
659	956
660	759
660	952
661	809
661	871
662	796
662	918
663	963
664	773
664	774
665	775
666	713
666	849
667	823
667	832
668	688
668	804
668	927
668	961
669	876
669	889
669	947
670	728
670	805
670	885
670	886
671	722
671	755
671	836
672	734
672	894
673	755
673	831
673	844
673	905
673	924
674	937
675	866
676	685
676	893
676	928
679	687
680	788
682	744
682	776
682	854
683	965
684	739
684	929
685	805
685	938
686	896
687	829
688	729
688	911
688	942
689	834
689	906
689	936
690	774
690	986
691	700
691	716
691	781
691	810
691	872
691	929
692	975
693	738
693	851
694	696
694	945
694	967
696	821
696	967
696	991
697	887
698	721
698	876
699	976
700	768
700	967
701	855
701	866
701	874
701	905
702	879
702	963
703	716
703	717
703	995
703	996
704	712
704	743
704	863
705	845
705	853
705	881
706	754
706	769
706	906
706	975
707	793
707	942
708	758
709	984
710	909
710	957
711	715
711	759
711	768
711	772
713	947
714	772
714	809
714	979
716	787
717	790
717	864
718	829
718	861
719	998
721	801
721	897
721	910
722	726
722	779
722	824
723	853
724	927
724	943
725	737
725	899
727	926
727	935
729	961
730	733
731	867
732	792
732	825
733	925
734	846
734	880
735	789
735	852
737	862
737	885
737	948
738	751
738	805
740	907
741	775
741	811
741	927
742	866
742	877
743	773
743	990
744	983
745	835
746	834
746	881
747	925
748	891
749	770
749	842
749	874
750	760
751	793
751	812
751	821
755	930
756	781
757	760
757	782
758	808
758	888
759	912
759	934
760	785
761	766
761	835
761	878
762	867
762	928
763	899
763	965
764	867
765	776
767	829
768	783
769	939
770	802
771	864
771	868
771	870
771	894
773	849
773	924
779	885
780	845
780	855
783	795
783	912
784	791
784	826
784	993
787	848
787	868
789	798
791	863
791	881
793	820
794	905
795	910
795	959
797	844
798	894
799	985
800	894
800	986
801	979
803	834
804	820
804	822
804	964
805	909
807	970
809	973
810	815
811	862
812	839
812	935
814	876
814	921
815	864
816	873
816	935
816	939
819	949
820	911
821	839
821	911
821	961
822	964
824	875
824	893
827	829
827	866
829	854
829	950
830	955
833	928
836	909
837	840
837	922
838	947
839	927
839	935
840	960
840	962
842	864
843	988
844	855
845	909
845	932
846	889
848	941
851	984
853	993
854	985
855	953
856	942
857	913
858	985
859	954
864	995
865	895
868	874
877	895
877	902
878	921
883	966
884	892
884	977
887	928
887	976
888	980
889	899
889	948
890	943
892	986
893	941
897	979
901	926
901	964
907	950
910	945
911	967
912	979
915	951
915	977
920	956
922	980
932	983
933	986
937	988
942	994
944	960
945	991
949	954
951	987
954	966
959	976
963	986
972	983
984	987
